1.94487 1.94489 1.94491 1.94492 1.94494 1.94495 1.94497 1.94498 1.94499 1.945 1.94501 1.94501 1.94502 1.94503 1.94503 1.94504 1.94504 1.94504 1.94505 1.94505 1.94505 1.94505 1.94505 1.94506 1.94506 1.94506 1.94506 1.94506 1.94506 1.94506 1.94506 1.94506 1.94506 1.94506 1.94506 1.94506 1.94506 1.94506 1.94506 1.94506 1.94505 1.94505 1.94505 1.94505 1.94505 1.94504 1.94504 1.94504 1.94503 1.94503 1.94502 1.94501 1.94501 1.945 1.94499 1.94498 1.94497 1.94495 1.94494 1.94492 1.94491 1.94489 1.94487 1.94484 1.94481 1.94477 1.9447 1.94447 1.94353 1.93936 1.92077 1.84048 1.55369 0.937548 0.36055 0.135868 0.0819631 0.0694753 0.0666113 0.0659584 0.0658102 0.0657779 0.0657718 0.0657712 0.0657712 0.0657708 0.0657697 0.0657678 0.0657652 0.0657619 0.0657579 0.0657533 0.0657482 0.0657425 0.0657364 0.0657298 0.0657229 0.0657156 0.065708 0.0657002 0.0656922 0.065684 0.0656757 0.0656674 0.065659 0.0656506 0.0656423 0.065634 0.0656259 0.0656178 0.06561 0.0656023 0.0655949 0.0655877 0.0655808 0.0655742 0.0655678 0.0655618 0.0655562 0.0655509 0.065546 0.0655415 0.0655373 0.0655336 0.0655303 0.0655274 0.065525 0.065523 0.0655214 0.0655203 0.0655196 0.0655194 0.0655196 0.0655203 0.0655214 0.065523 0.065525 0.0655274 0.0655303 0.0655336 0.0655373 0.0655415 0.065546 0.0655509 0.0655562 0.0655618 0.0655678 0.0655742 0.0655808 0.0655877 0.0655949 0.0656023 0.06561 0.0656178 0.0656259 0.065634 0.0656423 0.0656506 0.065659 0.0656674 0.0656757 0.065684 0.0656922 0.0657002 0.065708 0.0657156 0.0657229 0.0657298 0.0657364 0.0657425 0.0657482 0.0657533 0.0657579 0.0657619 0.0657652 0.0657678 0.0657697 0.0657708 0.0657712 0.0657712 0.0657718 0.0657779 0.0658102 0.0659584 0.0666113 0.0694754 0.0819637 0.135871 0.360559 0.937565 1.5537 1.84049 1.92077 1.93936 1.94353 1.94447 1.9447 1.94477 1.94481 1.94484 
1.94492 1.94494 1.94495 1.94497 1.94498 1.945 1.94501 1.94502 1.94503 1.94503 1.94504 1.94505 1.94505 1.94506 1.94506 1.94506 1.94507 1.94507 1.94507 1.94507 1.94507 1.94508 1.94508 1.94508 1.94508 1.94508 1.94508 1.94508 1.94508 1.94508 1.94508 1.94508 1.94508 1.94508 1.94508 1.94508 1.94508 1.94508 1.94508 1.94508 1.94508 1.94508 1.94507 1.94507 1.94507 1.94507 1.94507 1.94506 1.94506 1.94506 1.94505 1.94505 1.94504 1.94503 1.94503 1.94502 1.94501 1.945 1.94498 1.94497 1.94495 1.94494 1.94492 1.9449 1.94487 1.94482 1.94471 1.94431 1.94253 1.93445 1.89825 1.74799 1.29959 0.624282 0.216088 0.1 0.0734779 0.0674626 0.0661129 0.065812 0.0657475 0.0657362 0.0657363 0.0657383 0.0657402 0.0657413 0.0657416 0.0657411 0.0657399 0.0657379 0.0657353 0.065732 0.0657281 0.0657236 0.0657187 0.0657133 0.0657074 0.0657012 0.0656947 0.065688 0.065681 0.0656738 0.0656664 0.065659 0.0656515 0.065644 0.0656364 0.065629 0.0656216 0.0656143 0.0656071 0.0656001 0.0655933 0.0655867 0.0655803 0.0655742 0.0655684 0.0655628 0.0655576 0.0655527 0.0655481 0.0655439 0.0655401 0.0655367 0.0655336 0.0655309 0.0655286 0.0655268 0.0655253 0.0655243 0.0655236 0.0655234 0.0655236 0.0655243 0.0655253 0.0655268 0.0655286 0.0655309 0.0655336 0.0655367 0.0655401 0.0655439 0.0655482 0.0655527 0.0655576 0.0655628 0.0655684 0.0655742 0.0655803 0.0655867 0.0655933 0.0656001 0.0656071 0.0656143 0.0656216 0.065629 0.0656364 0.065644 0.0656515 0.065659 0.0656664 0.0656738 0.065681 0.065688 0.0656947 0.0657012 0.0657074 0.0657133 0.0657187 0.0657236 0.0657281 0.065732 0.0657353 0.0657379 0.0657399 0.0657411 0.0657416 0.0657413 0.0657402 0.0657383 0.0657363 0.0657362 0.0657475 0.065812 0.0661129 0.0674627 0.0734782 0.100002 0.216094 0.624296 1.29961 1.748 1.89825 1.93445 1.94253 1.94431 1.94471 1.94482 1.94487 1.9449 
1.94497 1.94499 1.945 1.94502 1.94503 1.94504 1.94505 1.94506 1.94506 1.94507 1.94507 1.94508 1.94508 1.94509 1.94509 1.94509 1.94509 1.94509 1.9451 1.9451 1.9451 1.9451 1.9451 1.9451 1.9451 1.9451 1.9451 1.9451 1.9451 1.9451 1.9451 1.9451 1.9451 1.9451 1.9451 1.9451 1.9451 1.9451 1.9451 1.9451 1.9451 1.9451 1.9451 1.9451 1.9451 1.94509 1.94509 1.94509 1.94509 1.94509 1.94508 1.94508 1.94507 1.94507 1.94506 1.94506 1.94505 1.94504 1.94503 1.94502 1.945 1.94499 1.94497 1.94495 1.94493 1.94487 1.9447 1.94396 1.94062 1.92527 1.85669 1.59732 0.995617 0.388728 0.141562 0.0826925 0.0694511 0.0665098 0.0658639 0.0657256 0.0656999 0.0656988 0.0657025 0.0657066 0.06571 0.0657126 0.0657143 0.0657152 0.0657152 0.0657146 0.0657132 0.0657111 0.0657084 0.0657051 0.0657013 0.065697 0.0656923 0.0656871 0.0656817 0.0656759 0.0656698 0.0656636 0.0656572 0.0656506 0.065644 0.0656372 0.0656305 0.0656238 0.0656171 0.0656105 0.065604 0.0655976 0.0655914 0.0655854 0.0655795 0.0655739 0.0655686 0.0655635 0.0655587 0.0655542 0.0655499 0.0655461 0.0655425 0.0655393 0.0655365 0.065534 0.0655319 0.0655301 0.0655288 0.0655278 0.0655272 0.065527 0.0655272 0.0655278 0.0655288 0.0655301 0.0655319 0.065534 0.0655365 0.0655393 0.0655425 0.0655461 0.0655499 0.0655542 0.0655587 0.0655635 0.0655686 0.0655739 0.0655795 0.0655854 0.0655914 0.0655976 0.065604 0.0656105 0.0656171 0.0656238 0.0656305 0.0656372 0.065644 0.0656506 0.0656572 0.0656636 0.0656698 0.0656759 0.0656817 0.0656871 0.0656923 0.065697 0.0657013 0.0657051 0.0657084 0.0657111 0.0657132 0.0657146 0.0657152 0.0657152 0.0657143 0.0657126 0.06571 0.0657066 0.0657025 0.0656988 0.0656999 0.0657256 0.0658639 0.0665098 0.0694512 0.0826931 0.141565 0.388738 0.995635 1.59733 1.85669 1.92527 1.94062 1.94396 1.9447 1.94487 1.94493 1.94495 
1.94503 1.94504 1.94506 1.94507 1.94508 1.94508 1.94509 1.9451 1.9451 1.94511 1.94511 1.94511 1.94511 1.94512 1.94512 1.94512 1.94512 1.94512 1.94512 1.94512 1.94512 1.94512 1.94512 1.94512 1.94512 1.94512 1.94512 1.94512 1.94512 1.94512 1.94512 1.94512 1.94512 1.94512 1.94512 1.94512 1.94512 1.94512 1.94512 1.94512 1.94512 1.94512 1.94512 1.94512 1.94512 1.94512 1.94512 1.94512 1.94512 1.94512 1.94511 1.94511 1.94511 1.94511 1.9451 1.9451 1.94509 1.94508 1.94508 1.94507 1.94506 1.94504 1.94503 1.94501 1.94498 1.94491 1.94461 1.94329 1.93712 1.90859 1.78433 1.38029 0.698277 0.241049 0.104708 0.0742178 0.0674991 0.0660399 0.0657279 0.0656666 0.0656596 0.065664 0.0656701 0.0656758 0.0656807 0.0656847 0.0656877 0.0656899 0.0656913 0.0656918 0.0656916 0.0656907 0.0656892 0.0656871 0.0656843 0.0656811 0.0656774 0.0656733 0.0656688 0.065664 0.0656589 0.0656535 0.065648 0.0656423 0.0656364 0.0656305 0.0656245 0.0656185 0.0656126 0.0656066 0.0656007 0.065595 0.0655893 0.0655839 0.0655785 0.0655734 0.0655685 0.0655639 0.0655594 0.0655553 0.0655514 0.0655478 0.0655446 0.0655416 0.065539 0.0655367 0.0655347 0.0655331 0.0655319 0.065531 0.0655304 0.0655303 0.0655304 0.065531 0.0655319 0.0655331 0.0655347 0.0655367 0.065539 0.0655416 0.0655446 0.0655478 0.0655514 0.0655553 0.0655594 0.0655639 0.0655685 0.0655734 0.0655785 0.0655839 0.0655893 0.065595 0.0656007 0.0656066 0.0656126 0.0656185 0.0656245 0.0656305 0.0656364 0.0656423 0.065648 0.0656535 0.0656589 0.065664 0.0656688 0.0656733 0.0656774 0.0656811 0.0656843 0.0656871 0.0656892 0.0656907 0.0656916 0.0656918 0.0656913 0.0656899 0.0656877 0.0656847 0.0656807 0.0656758 0.0656701 0.065664 0.0656596 0.0656666 0.0657279 0.0660399 0.0674992 0.0742181 0.10471 0.241056 0.698293 1.38031 1.78434 1.90859 1.93712 1.94329 1.94461 1.94491 1.94498 1.94501 
1.94509 1.9451 1.94511 1.94512 1.94512 1.94513 1.94513 1.94514 1.94514 1.94514 1.94514 1.94515 1.94515 1.94515 1.94515 1.94515 1.94515 1.94515 1.94515 1.94515 1.94515 1.94514 1.94514 1.94514 1.94514 1.94514 1.94514 1.94514 1.94514 1.94514 1.94514 1.94514 1.94514 1.94514 1.94514 1.94514 1.94514 1.94514 1.94514 1.94514 1.94514 1.94514 1.94515 1.94515 1.94515 1.94515 1.94515 1.94515 1.94515 1.94515 1.94515 1.94515 1.94514 1.94514 1.94514 1.94514 1.94513 1.94513 1.94512 1.94512 1.94511 1.9451 1.94509 1.94507 1.94504 1.94492 1.94442 1.94205 1.93087 1.87916 1.66835 1.11272 0.459373 0.159266 0.0860433 0.0699953 0.06653 0.0657943 0.0656444 0.0656205 0.0656232 0.0656309 0.0656389 0.0656461 0.0656523 0.0656576 0.065662 0.0656654 0.065668 0.0656697 0.0656707 0.065671 0.0656705 0.0656695 0.0656678 0.0656656 0.0656629 0.0656598 0.0656562 0.0656523 0.0656481 0.0656436 0.0656389 0.065634 0.065629 0.0656238 0.0656185 0.0656132 0.0656079 0.0656026 0.0655974 0.0655922 0.0655871 0.0655821 0.0655773 0.0655727 0.0655682 0.065564 0.0655599 0.0655561 0.0655526 0.0655493 0.0655463 0.0655436 0.0655412 0.065539 0.0655372 0.0655358 0.0655346 0.0655338 0.0655333 0.0655331 0.0655333 0.0655338 0.0655346 0.0655358 0.0655372 0.065539 0.0655412 0.0655436 0.0655463 0.0655493 0.0655526 0.0655561 0.0655599 0.065564 0.0655682 0.0655727 0.0655773 0.0655821 0.0655871 0.0655922 0.0655974 0.0656026 0.0656079 0.0656132 0.0656185 0.0656238 0.065629 0.065634 0.0656389 0.0656436 0.0656481 0.0656523 0.0656562 0.0656598 0.0656629 0.0656656 0.0656678 0.0656695 0.0656705 0.065671 0.0656707 0.0656697 0.065668 0.0656654 0.065662 0.0656576 0.0656523 0.0656461 0.0656389 0.0656309 0.0656232 0.0656205 0.0656444 0.0657943 0.06653 0.0699955 0.0860441 0.159269 0.459385 1.11273 1.66836 1.87916 1.93087 1.94205 1.94442 1.94492 1.94504 1.94507 
1.94515 1.94516 1.94516 1.94517 1.94517 1.94517 1.94518 1.94518 1.94518 1.94518 1.94518 1.94518 1.94518 1.94518 1.94518 1.94518 1.94517 1.94517 1.94517 1.94517 1.94517 1.94517 1.94517 1.94517 1.94516 1.94516 1.94516 1.94516 1.94516 1.94516 1.94516 1.94516 1.94516 1.94516 1.94516 1.94516 1.94516 1.94516 1.94516 1.94517 1.94517 1.94517 1.94517 1.94517 1.94517 1.94517 1.94517 1.94518 1.94518 1.94518 1.94518 1.94518 1.94518 1.94518 1.94518 1.94518 1.94518 1.94517 1.94517 1.94517 1.94516 1.94516 1.94515 1.94513 1.94509 1.9449 1.94403 1.93987 1.92003 1.82932 1.4994 0.833978 0.296298 0.116404 0.0764354 0.0678446 0.0660301 0.0656554 0.0655861 0.0655812 0.0655893 0.0655992 0.0656088 0.0656174 0.0656249 0.0656315 0.0656371 0.0656417 0.0656455 0.0656484 0.0656504 0.0656518 0.0656524 0.0656524 0.0656517 0.0656505 0.0656488 0.0656465 0.0656439 0.0656409 0.0656375 0.0656339 0.06563 0.0656259 0.0656216 0.0656171 0.0656126 0.0656079 0.0656033 0.0655986 0.0655939 0.0655893 0.0655847 0.0655803 0.0655759 0.0655717 0.0655677 0.0655638 0.0655602 0.0655567 0.0655535 0.0655505 0.0655477 0.0655452 0.065543 0.0655411 0.0655394 0.0655381 0.065537 0.0655362 0.0655358 0.0655356 0.0655358 0.0655362 0.065537 0.0655381 0.0655394 0.0655411 0.065543 0.0655452 0.0655477 0.0655505 0.0655535 0.0655567 0.0655602 0.0655638 0.0655677 0.0655717 0.0655759 0.0655803 0.0655847 0.0655893 0.0655939 0.0655986 0.0656033 0.0656079 0.0656126 0.0656171 0.0656216 0.0656259 0.06563 0.0656339 0.0656375 0.0656409 0.0656439 0.0656465 0.0656488 0.0656505 0.0656517 0.0656524 0.0656524 0.0656518 0.0656504 0.0656484 0.0656455 0.0656417 0.0656371 0.0656315 0.0656249 0.0656174 0.0656088 0.0655992 0.0655893 0.0655812 0.0655861 0.0656554 0.0660301 0.0678447 0.0764358 0.116405 0.296306 0.833995 1.49941 1.82932 1.92003 1.93987 1.94403 1.9449 1.94509 1.94513 
1.94521 1.94522 1.94522 1.94522 1.94522 1.94522 1.94522 1.94522 1.94522 1.94522 1.94522 1.94521 1.94521 1.94521 1.94521 1.9452 1.9452 1.9452 1.9452 1.94519 1.94519 1.94519 1.94519 1.94519 1.94519 1.94518 1.94518 1.94518 1.94518 1.94518 1.94518 1.94518 1.94518 1.94518 1.94518 1.94518 1.94518 1.94518 1.94519 1.94519 1.94519 1.94519 1.94519 1.94519 1.9452 1.9452 1.9452 1.9452 1.94521 1.94521 1.94521 1.94521 1.94522 1.94522 1.94522 1.94522 1.94522 1.94522 1.94522 1.94522 1.94522 1.94522 1.94521 1.94519 1.94513 1.94482 1.94335 1.93617 1.90183 1.75035 1.28099 0.587977 0.197117 0.0936428 0.0714124 0.0667261 0.0657592 0.0655686 0.0655405 0.0655457 0.0655571 0.0655689 0.0655798 0.0655897 0.0655985 0.0656063 0.0656131 0.0656189 0.0656237 0.0656277 0.0656308 0.0656332 0.0656348 0.0656358 0.0656361 0.0656358 0.065635 0.0656337 0.0656319 0.0656298 0.0656272 0.0656244 0.0656212 0.0656178 0.0656143 0.0656105 0.0656066 0.0656026 0.0655986 0.0655945 0.0655904 0.0655863 0.0655823 0.0655783 0.0655744 0.0655706 0.065567 0.0655635 0.0655602 0.0655571 0.0655541 0.0655514 0.0655489 0.0655466 0.0655446 0.0655428 0.0655413 0.0655401 0.0655391 0.0655384 0.065538 0.0655378 0.065538 0.0655384 0.0655391 0.0655401 0.0655413 0.0655428 0.0655446 0.0655466 0.0655489 0.0655514 0.0655541 0.0655571 0.0655602 0.0655635 0.065567 0.0655706 0.0655744 0.0655783 0.0655823 0.0655863 0.0655904 0.0655945 0.0655986 0.0656026 0.0656066 0.0656105 0.0656143 0.0656178 0.0656212 0.0656244 0.0656272 0.0656298 0.0656319 0.0656337 0.065635 0.0656358 0.0656361 0.0656358 0.0656349 0.0656332 0.0656308 0.0656277 0.0656237 0.0656189 0.0656131 0.0656063 0.0655985 0.0655897 0.0655798 0.0655689 0.0655571 0.0655457 0.0655405 0.0655686 0.0657592 0.0667262 0.0714127 0.0936439 0.197121 0.587992 1.281 1.75036 1.90183 1.93617 1.94335 1.94482 1.94513 1.94519 
1.94527 1.94527 1.94527 1.94527 1.94527 1.94527 1.94527 1.94526 1.94526 1.94526 1.94525 1.94525 1.94524 1.94524 1.94524 1.94523 1.94523 1.94523 1.94522 1.94522 1.94522 1.94521 1.94521 1.94521 1.94521 1.9452 1.9452 1.9452 1.9452 1.9452 1.9452 1.9452 1.9452 1.9452 1.9452 1.9452 1.9452 1.9452 1.94521 1.94521 1.94521 1.94521 1.94522 1.94522 1.94522 1.94523 1.94523 1.94523 1.94524 1.94524 1.94524 1.94525 1.94525 1.94526 1.94526 1.94526 1.94527 1.94527 1.94527 1.94527 1.94527 1.94527 1.94527 1.94525 1.94515 1.94465 1.94218 1.93004 1.87213 1.63443 1.035 0.400859 0.140969 0.0812932 0.0687222 0.066125 0.0656026 0.0655081 0.0655018 0.0655128 0.0655265 0.0655398 0.065552 0.0655632 0.0655732 0.0655821 0.06559 0.0655969 0.0656028 0.0656078 0.065612 0.0656153 0.0656179 0.0656198 0.065621 0.0656216 0.0656217 0.0656212 0.0656203 0.0656189 0.0656172 0.0656151 0.0656127 0.06561 0.0656071 0.065604 0.0656007 0.0655974 0.0655939 0.0655904 0.0655868 0.0655832 0.0655797 0.0655762 0.0655727 0.0655694 0.0655661 0.065563 0.06556 0.0655572 0.0655545 0.0655521 0.0655498 0.0655478 0.0655459 0.0655443 0.0655429 0.0655418 0.0655409 0.0655403 0.0655399 0.0655398 0.0655399 0.0655403 0.0655409 0.0655418 0.0655429 0.0655443 0.0655459 0.0655478 0.0655498 0.0655521 0.0655545 0.0655572 0.06556 0.065563 0.0655661 0.0655694 0.0655727 0.0655762 0.0655797 0.0655832 0.0655868 0.0655904 0.0655939 0.0655974 0.0656007 0.065604 0.0656071 0.06561 0.0656127 0.0656151 0.0656172 0.0656189 0.0656203 0.0656212 0.0656217 0.0656216 0.065621 0.0656198 0.0656179 0.0656153 0.065612 0.0656078 0.0656028 0.0655969 0.06559 0.0655821 0.0655732 0.0655632 0.065552 0.0655398 0.0655265 0.0655128 0.0655018 0.0655081 0.0656026 0.066125 0.0687223 0.0812939 0.140972 0.40087 1.03501 1.63444 1.87214 1.93004 1.94218 1.94465 1.94515 1.94525 
1.94533 1.94534 1.94533 1.94533 1.94532 1.94532 1.94531 1.94531 1.9453 1.94529 1.94529 1.94528 1.94528 1.94527 1.94527 1.94526 1.94526 1.94525 1.94525 1.94524 1.94524 1.94524 1.94523 1.94523 1.94523 1.94522 1.94522 1.94522 1.94522 1.94522 1.94522 1.94522 1.94522 1.94522 1.94522 1.94522 1.94522 1.94522 1.94523 1.94523 1.94523 1.94524 1.94524 1.94524 1.94525 1.94525 1.94526 1.94526 1.94527 1.94527 1.94528 1.94528 1.94529 1.94529 1.9453 1.94531 1.94531 1.94532 1.94532 1.94533 1.94533 1.94534 1.94533 1.9453 1.94515 1.94434 1.94027 1.92019 1.82563 1.47764 0.793011 0.273374 0.109639 0.0745147 0.0672543 0.0657883 0.0655044 0.0654615 0.0654672 0.0654818 0.0654973 0.0655119 0.0655254 0.0655377 0.0655489 0.0655589 0.0655678 0.0655757 0.0655827 0.0655887 0.0655938 0.0655981 0.0656016 0.0656044 0.0656065 0.065608 0.0656088 0.0656092 0.065609 0.0656084 0.0656074 0.065606 0.0656043 0.0656023 0.0656001 0.0655976 0.065595 0.0655922 0.0655893 0.0655863 0.0655832 0.0655802 0.0655771 0.065574 0.065571 0.065568 0.0655651 0.0655624 0.0655597 0.0655572 0.0655548 0.0655526 0.0655505 0.0655487 0.065547 0.0655456 0.0655443 0.0655433 0.0655425 0.0655419 0.0655416 0.0655415 0.0655416 0.0655419 0.0655425 0.0655433 0.0655443 0.0655456 0.065547 0.0655487 0.0655505 0.0655526 0.0655548 0.0655572 0.0655597 0.0655624 0.0655651 0.065568 0.065571 0.065574 0.0655771 0.0655802 0.0655832 0.0655863 0.0655893 0.0655922 0.065595 0.0655976 0.0656001 0.0656023 0.0656043 0.065606 0.0656074 0.0656084 0.065609 0.0656092 0.0656088 0.065608 0.0656065 0.0656044 0.0656016 0.0655981 0.0655938 0.0655887 0.0655827 0.0655757 0.0655678 0.0655589 0.0655489 0.0655377 0.0655254 0.0655119 0.0654973 0.0654818 0.0654672 0.0654615 0.0655044 0.0657883 0.0672543 0.0745151 0.10964 0.273382 0.793028 1.47766 1.82563 1.92019 1.94027 1.94434 1.94515 1.9453 
1.94539 1.9454 1.94539 1.94538 1.94537 1.94536 1.94536 1.94535 1.94534 1.94533 1.94532 1.94532 1.94531 1.9453 1.94529 1.94529 1.94528 1.94528 1.94527 1.94527 1.94526 1.94526 1.94525 1.94525 1.94525 1.94524 1.94524 1.94524 1.94524 1.94524 1.94524 1.94524 1.94524 1.94524 1.94524 1.94524 1.94524 1.94524 1.94525 1.94525 1.94525 1.94526 1.94526 1.94527 1.94527 1.94528 1.94528 1.94529 1.94529 1.9453 1.94531 1.94532 1.94532 1.94533 1.94534 1.94535 1.94536 1.94536 1.94537 1.94538 1.94539 1.9454 1.94539 1.94535 1.9451 1.94382 1.93728 1.90493 1.75724 1.28588 0.583477 0.192862 0.0917496 0.0707081 0.0664337 0.0655904 0.0654372 0.0654227 0.0654354 0.0654525 0.0654695 0.0654854 0.0655 0.0655134 0.0655256 0.0655367 0.0655466 0.0655555 0.0655634 0.0655704 0.0655764 0.0655816 0.065586 0.0655896 0.0655925 0.0655948 0.0655965 0.0655976 0.0655982 0.0655983 0.065598 0.0655973 0.0655962 0.0655949 0.0655933 0.0655914 0.0655893 0.0655871 0.0655847 0.0655823 0.0655797 0.0655771 0.0655744 0.0655718 0.0655692 0.0655666 0.065564 0.0655616 0.0655592 0.065557 0.0655549 0.0655529 0.0655511 0.0655494 0.0655479 0.0655466 0.0655455 0.0655446 0.0655438 0.0655433 0.065543 0.0655429 0.065543 0.0655433 0.0655438 0.0655446 0.0655455 0.0655466 0.0655479 0.0655494 0.0655511 0.0655529 0.0655549 0.065557 0.0655592 0.0655616 0.065564 0.0655666 0.0655692 0.0655718 0.0655744 0.0655771 0.0655797 0.0655823 0.0655847 0.0655871 0.0655893 0.0655914 0.0655933 0.0655949 0.0655963 0.0655973 0.065598 0.0655983 0.0655982 0.0655976 0.0655965 0.0655948 0.0655925 0.0655896 0.065586 0.0655816 0.0655764 0.0655704 0.0655634 0.0655555 0.0655467 0.0655367 0.0655256 0.0655134 0.0655 0.0654854 0.0654695 0.0654525 0.0654354 0.0654227 0.0654372 0.0655904 0.0664338 0.0707083 0.0917506 0.192867 0.583492 1.2859 1.75725 1.90493 1.93728 1.94382 1.9451 1.94535 
1.94545 1.94546 1.94545 1.94544 1.94542 1.94541 1.9454 1.94539 1.94538 1.94537 1.94536 1.94535 1.94534 1.94533 1.94532 1.94532 1.94531 1.9453 1.94529 1.94529 1.94528 1.94528 1.94527 1.94527 1.94527 1.94526 1.94526 1.94526 1.94526 1.94526 1.94526 1.94525 1.94526 1.94526 1.94526 1.94526 1.94526 1.94526 1.94527 1.94527 1.94527 1.94528 1.94528 1.94529 1.94529 1.9453 1.94531 1.94532 1.94532 1.94533 1.94534 1.94535 1.94536 1.94537 1.94538 1.94539 1.9454 1.94541 1.94542 1.94544 1.94545 1.94546 1.94545 1.94539 1.945 1.94299 1.93271 1.88193 1.66309 1.07599 0.420995 0.144382 0.0813683 0.068518 0.0659582 0.0654666 0.065387 0.0653888 0.0654058 0.0654248 0.0654431 0.0654601 0.0654758 0.0654903 0.0655035 0.0655156 0.0655265 0.0655363 0.0655451 0.0655529 0.0655598 0.0655658 0.065571 0.0655755 0.0655792 0.0655822 0.0655846 0.0655865 0.0655878 0.0655886 0.0655889 0.0655889 0.0655885 0.0655877 0.0655867 0.0655854 0.0655839 0.0655821 0.0655803 0.0655783 0.0655762 0.065574 0.0655718 0.0655695 0.0655673 0.065565 0.0655628 0.0655607 0.0655586 0.0655567 0.0655548 0.065553 0.0655514 0.0655499 0.0655486 0.0655474 0.0655464 0.0655456 0.065545 0.0655445 0.0655442 0.0655441 0.0655442 0.0655445 0.065545 0.0655456 0.0655464 0.0655474 0.0655486 0.0655499 0.0655514 0.065553 0.0655548 0.0655567 0.0655586 0.0655607 0.0655629 0.065565 0.0655673 0.0655695 0.0655718 0.065574 0.0655762 0.0655783 0.0655803 0.0655821 0.0655839 0.0655854 0.0655867 0.0655877 0.0655885 0.0655889 0.0655889 0.0655886 0.0655878 0.0655865 0.0655846 0.0655822 0.0655792 0.0655755 0.065571 0.0655658 0.0655598 0.0655529 0.0655451 0.0655363 0.0655265 0.0655156 0.0655035 0.0654903 0.0654758 0.0654601 0.0654431 0.0654248 0.0654058 0.0653888 0.065387 0.0654666 0.0659582 0.0685181 0.081369 0.144385 0.421007 1.07601 1.6631 1.88194 1.93271 1.94299 1.945 1.94539 
1.94551 1.94552 1.9455 1.94549 1.94547 1.94546 1.94545 1.94543 1.94542 1.94541 1.94539 1.94538 1.94537 1.94536 1.94535 1.94534 1.94533 1.94533 1.94532 1.94531 1.94531 1.9453 1.94529 1.94529 1.94529 1.94528 1.94528 1.94528 1.94527 1.94527 1.94527 1.94527 1.94527 1.94527 1.94527 1.94528 1.94528 1.94528 1.94529 1.94529 1.94529 1.9453 1.94531 1.94531 1.94532 1.94533 1.94533 1.94534 1.94535 1.94536 1.94537 1.94538 1.94539 1.94541 1.94542 1.94543 1.94545 1.94546 1.94547 1.94549 1.9455 1.94552 1.94551 1.94541 1.94482 1.94172 1.92587 1.84829 1.54119 0.868662 0.304362 0.115371 0.0752757 0.067239 0.0656727 0.0653839 0.0653467 0.0653581 0.0653781 0.0653986 0.0654181 0.0654362 0.0654529 0.0654684 0.0654825 0.0654955 0.0655073 0.065518 0.0655276 0.0655363 0.065544 0.0655508 0.0655568 0.065562 0.0655664 0.0655702 0.0655733 0.0655758 0.0655778 0.0655792 0.0655802 0.0655808 0.065581 0.0655808 0.0655803 0.0655795 0.0655785 0.0655773 0.0655759 0.0655744 0.0655727 0.065571 0.0655692 0.0655673 0.0655654 0.0655635 0.0655616 0.0655598 0.065558 0.0655562 0.0655546 0.0655531 0.0655516 0.0655503 0.0655492 0.0655481 0.0655472 0.0655465 0.0655459 0.0655455 0.0655452 0.0655452 0.0655452 0.0655455 0.0655459 0.0655465 0.0655472 0.0655481 0.0655492 0.0655503 0.0655516 0.0655531 0.0655546 0.0655562 0.065558 0.0655598 0.0655616 0.0655635 0.0655654 0.0655673 0.0655692 0.065571 0.0655727 0.0655744 0.0655759 0.0655773 0.0655785 0.0655795 0.0655803 0.0655808 0.065581 0.0655808 0.0655802 0.0655792 0.0655778 0.0655758 0.0655733 0.0655702 0.0655664 0.065562 0.0655568 0.0655508 0.065544 0.0655363 0.0655276 0.065518 0.0655073 0.0654955 0.0654825 0.0654684 0.0654529 0.0654362 0.0654181 0.0653986 0.0653781 0.0653581 0.0653467 0.0653839 0.0656727 0.067239 0.0752761 0.115373 0.30437 0.86868 1.54121 1.8483 1.92588 1.94172 1.94482 1.94541 
1.94556 1.94558 1.94556 1.94554 1.94553 1.94551 1.94549 1.94547 1.94546 1.94544 1.94543 1.94542 1.9454 1.94539 1.94538 1.94537 1.94536 1.94535 1.94534 1.94533 1.94533 1.94532 1.94531 1.94531 1.9453 1.9453 1.9453 1.94529 1.94529 1.94529 1.94529 1.94529 1.94529 1.94529 1.94529 1.94529 1.9453 1.9453 1.9453 1.94531 1.94531 1.94532 1.94533 1.94533 1.94534 1.94535 1.94536 1.94537 1.94538 1.94539 1.9454 1.94542 1.94543 1.94544 1.94546 1.94547 1.94549 1.94551 1.94553 1.94554 1.94556 1.94558 1.94556 1.94541 1.94454 1.93989 1.91607 1.80149 1.39422 0.682038 0.224815 0.0976093 0.0716084 0.0664739 0.0654944 0.0653247 0.0653125 0.0653301 0.0653522 0.065374 0.0653945 0.0654136 0.0654313 0.0654476 0.0654627 0.0654765 0.0654892 0.0655007 0.0655111 0.0655206 0.065529 0.0655366 0.0655433 0.0655492 0.0655543 0.0655588 0.0655625 0.0655657 0.0655683 0.0655703 0.0655719 0.0655731 0.0655738 0.0655742 0.0655742 0.0655739 0.0655734 0.0655727 0.0655717 0.0655706 0.0655694 0.065568 0.0655666 0.065565 0.0655635 0.0655619 0.0655603 0.0655588 0.0655572 0.0655557 0.0655543 0.065553 0.0655517 0.0655506 0.0655496 0.0655486 0.0655479 0.0655472 0.0655467 0.0655463 0.0655461 0.065546 0.0655461 0.0655463 0.0655467 0.0655472 0.0655479 0.0655486 0.0655496 0.0655506 0.0655517 0.065553 0.0655543 0.0655557 0.0655572 0.0655588 0.0655603 0.0655619 0.0655635 0.065565 0.0655666 0.065568 0.0655694 0.0655706 0.0655717 0.0655727 0.0655734 0.0655739 0.0655742 0.0655742 0.0655738 0.0655731 0.0655719 0.0655703 0.0655683 0.0655657 0.0655625 0.0655588 0.0655543 0.0655492 0.0655433 0.0655366 0.065529 0.0655206 0.0655111 0.0655007 0.0654892 0.0654765 0.0654627 0.0654476 0.0654313 0.0654136 0.0653945 0.065374 0.0653522 0.0653301 0.0653125 0.0653247 0.0654944 0.0664739 0.0716087 0.0976106 0.224821 0.682054 1.39424 1.80149 1.91607 1.93989 1.94454 1.94541 
1.94561 1.94563 1.94562 1.9456 1.94558 1.94555 1.94553 1.94551 1.9455 1.94548 1.94546 1.94545 1.94543 1.94542 1.94541 1.94539 1.94538 1.94537 1.94536 1.94535 1.94535 1.94534 1.94533 1.94533 1.94532 1.94532 1.94531 1.94531 1.94531 1.94531 1.94531 1.94531 1.94531 1.94531 1.94531 1.94531 1.94531 1.94532 1.94532 1.94533 1.94533 1.94534 1.94535 1.94535 1.94536 1.94537 1.94538 1.94539 1.94541 1.94542 1.94543 1.94545 1.94546 1.94548 1.9455 1.94551 1.94553 1.94555 1.94558 1.9456 1.94562 1.94563 1.94561 1.94539 1.94412 1.93734 1.90253 1.7402 1.23124 0.527615 0.172609 0.0865313 0.0693389 0.065999 0.0653768 0.0652794 0.0652826 0.0653042 0.0653279 0.0653508 0.0653723 0.0653924 0.0654109 0.0654282 0.0654441 0.0654587 0.0654721 0.0654844 0.0654956 0.0655057 0.0655149 0.0655232 0.0655305 0.0655371 0.0655429 0.0655479 0.0655523 0.0655561 0.0655593 0.0655619 0.065564 0.0655657 0.065567 0.0655678 0.0655684 0.0655686 0.0655685 0.0655682 0.0655677 0.065567 0.0655661 0.0655651 0.065564 0.0655628 0.0655616 0.0655603 0.065559 0.0655577 0.0655564 0.0655552 0.065554 0.0655528 0.0655517 0.0655507 0.0655498 0.065549 0.0655484 0.0655478 0.0655473 0.065547 0.0655468 0.0655468 0.0655468 0.065547 0.0655473 0.0655478 0.0655484 0.065549 0.0655498 0.0655507 0.0655517 0.0655528 0.065554 0.0655552 0.0655564 0.0655577 0.065559 0.0655603 0.0655616 0.0655629 0.065564 0.0655651 0.0655661 0.065567 0.0655677 0.0655682 0.0655685 0.0655686 0.0655684 0.0655678 0.065567 0.0655657 0.065564 0.0655619 0.0655593 0.0655561 0.0655523 0.0655479 0.0655429 0.0655371 0.0655305 0.0655232 0.0655149 0.0655057 0.0654956 0.0654844 0.0654721 0.0654587 0.0654441 0.0654282 0.0654109 0.0653924 0.0653723 0.0653508 0.0653279 0.0653042 0.0652826 0.0652794 0.0653768 0.0659991 0.069339 0.0865322 0.172614 0.527629 1.23125 1.7402 1.90253 1.93734 1.94412 1.94539 
1.94565 1.94569 1.94567 1.94565 1.94562 1.9456 1.94558 1.94555 1.94553 1.94551 1.94549 1.94548 1.94546 1.94545 1.94543 1.94542 1.94541 1.94539 1.94538 1.94537 1.94537 1.94536 1.94535 1.94534 1.94534 1.94533 1.94533 1.94533 1.94532 1.94532 1.94532 1.94532 1.94532 1.94532 1.94532 1.94533 1.94533 1.94533 1.94534 1.94534 1.94535 1.94536 1.94537 1.94537 1.94538 1.94539 1.94541 1.94542 1.94543 1.94545 1.94546 1.94548 1.94549 1.94551 1.94553 1.94555 1.94558 1.9456 1.94562 1.94565 1.94567 1.94569 1.94565 1.94533 1.94351 1.93385 1.88431 1.66406 1.0644 0.407702 0.138954 0.0795699 0.0679168 0.0656963 0.0652956 0.0652429 0.0652559 0.0652802 0.0653053 0.0653292 0.0653516 0.0653725 0.0653919 0.0654099 0.0654266 0.065442 0.0654561 0.0654691 0.065481 0.0654918 0.0655016 0.0655105 0.0655185 0.0655257 0.0655321 0.0655377 0.0655427 0.065547 0.0655507 0.0655539 0.0655566 0.0655587 0.0655605 0.0655618 0.0655628 0.0655635 0.0655639 0.065564 0.0655638 0.0655635 0.065563 0.0655624 0.0655616 0.0655607 0.0655598 0.0655588 0.0655577 0.0655567 0.0655556 0.0655545 0.0655535 0.0655526 0.0655516 0.0655508 0.06555 0.0655493 0.0655487 0.0655482 0.0655479 0.0655476 0.0655474 0.0655473 0.0655474 0.0655476 0.0655479 0.0655482 0.0655487 0.0655493 0.06555 0.0655508 0.0655516 0.0655526 0.0655535 0.0655545 0.0655556 0.0655567 0.0655577 0.0655588 0.0655598 0.0655607 0.0655616 0.0655624 0.065563 0.0655635 0.0655638 0.065564 0.0655639 0.0655635 0.0655628 0.0655618 0.0655605 0.0655587 0.0655566 0.0655539 0.0655508 0.065547 0.0655427 0.0655377 0.0655321 0.0655257 0.0655185 0.0655105 0.0655016 0.0654918 0.065481 0.0654691 0.0654561 0.065442 0.0654266 0.0654099 0.0653919 0.0653725 0.0653516 0.0653292 0.0653053 0.0652802 0.0652559 0.0652429 0.0652956 0.0656963 0.0679169 0.0795705 0.138957 0.407714 1.06442 1.66407 1.88432 1.93385 1.94351 1.94533 
1.94568 1.94574 1.94573 1.9457 1.94567 1.94564 1.94562 1.94559 1.94557 1.94555 1.94553 1.94551 1.94549 1.94547 1.94546 1.94544 1.94543 1.94542 1.9454 1.94539 1.94538 1.94538 1.94537 1.94536 1.94535 1.94535 1.94534 1.94534 1.94534 1.94534 1.94534 1.94534 1.94534 1.94534 1.94534 1.94534 1.94534 1.94535 1.94535 1.94536 1.94537 1.94538 1.94538 1.94539 1.9454 1.94542 1.94543 1.94544 1.94546 1.94547 1.94549 1.94551 1.94553 1.94555 1.94557 1.94559 1.94562 1.94564 1.94567 1.9457 1.94573 1.94574 1.94568 1.94523 1.94268 1.92915 1.86036 1.5735 0.904598 0.317979 0.117022 0.0751288 0.0670166 0.0654994 0.0652371 0.0652125 0.0652319 0.0652582 0.0652844 0.0653092 0.0653324 0.0653541 0.0653742 0.065393 0.0654103 0.0654264 0.0654412 0.0654548 0.0654673 0.0654788 0.0654892 0.0654987 0.0655073 0.0655151 0.065522 0.0655282 0.0655337 0.0655385 0.0655428 0.0655464 0.0655496 0.0655522 0.0655544 0.0655562 0.0655576 0.0655587 0.0655594 0.0655599 0.0655602 0.0655602 0.06556 0.0655597 0.0655592 0.0655586 0.065558 0.0655572 0.0655564 0.0655556 0.0655547 0.0655539 0.0655531 0.0655523 0.0655515 0.0655508 0.0655501 0.0655495 0.065549 0.0655486 0.0655483 0.065548 0.0655479 0.0655478 0.0655479 0.065548 0.0655483 0.0655486 0.065549 0.0655495 0.0655501 0.0655508 0.0655515 0.0655523 0.0655531 0.0655539 0.0655547 0.0655556 0.0655564 0.0655572 0.065558 0.0655586 0.0655592 0.0655597 0.06556 0.0655602 0.0655602 0.0655599 0.0655594 0.0655587 0.0655576 0.0655562 0.0655544 0.0655522 0.0655496 0.0655464 0.0655428 0.0655385 0.0655337 0.0655282 0.065522 0.0655151 0.0655073 0.0654987 0.0654892 0.0654788 0.0654673 0.0654548 0.0654412 0.0654264 0.0654103 0.065393 0.0653743 0.0653541 0.0653324 0.0653092 0.0652844 0.0652582 0.0652319 0.0652125 0.0652371 0.0654994 0.0670167 0.0751292 0.117024 0.317988 0.904616 1.57352 1.86036 1.92915 1.94268 1.94523 
1.9457 1.94579 1.94578 1.94575 1.94572 1.94569 1.94566 1.94563 1.9456 1.94558 1.94556 1.94553 1.94551 1.9455 1.94548 1.94546 1.94545 1.94544 1.94542 1.94541 1.9454 1.94539 1.94538 1.94538 1.94537 1.94536 1.94536 1.94536 1.94535 1.94535 1.94535 1.94535 1.94535 1.94535 1.94535 1.94536 1.94536 1.94536 1.94537 1.94538 1.94538 1.94539 1.9454 1.94541 1.94542 1.94544 1.94545 1.94546 1.94548 1.9455 1.94551 1.94553 1.94556 1.94558 1.9456 1.94563 1.94566 1.94569 1.94572 1.94575 1.94578 1.94579 1.9457 1.94507 1.94157 1.92306 1.83002 1.4707 0.759973 0.252351 0.102365 0.0722062 0.0664289 0.0653663 0.0651929 0.0651864 0.0652101 0.0652379 0.0652651 0.0652907 0.0653147 0.0653371 0.0653579 0.0653773 0.0653953 0.065412 0.0654274 0.0654416 0.0654547 0.0654667 0.0654777 0.0654878 0.0654969 0.0655052 0.0655126 0.0655193 0.0655253 0.0655306 0.0655353 0.0655394 0.065543 0.0655461 0.0655487 0.0655509 0.0655527 0.0655542 0.0655553 0.0655561 0.0655567 0.0655571 0.0655572 0.0655572 0.065557 0.0655567 0.0655562 0.0655557 0.0655552 0.0655545 0.0655539 0.0655532 0.0655526 0.0655519 0.0655513 0.0655507 0.0655501 0.0655496 0.0655492 0.0655489 0.0655486 0.0655484 0.0655482 0.0655482 0.0655482 0.0655484 0.0655486 0.0655489 0.0655492 0.0655496 0.0655501 0.0655507 0.0655513 0.0655519 0.0655526 0.0655532 0.0655539 0.0655545 0.0655552 0.0655557 0.0655562 0.0655567 0.065557 0.0655572 0.0655572 0.0655571 0.0655567 0.0655561 0.0655553 0.0655542 0.0655527 0.0655509 0.0655487 0.0655461 0.065543 0.0655394 0.0655353 0.0655306 0.0655253 0.0655193 0.0655126 0.0655052 0.0654969 0.0654878 0.0654777 0.0654667 0.0654547 0.0654416 0.0654274 0.065412 0.0653953 0.0653773 0.0653579 0.0653371 0.0653147 0.0652907 0.0652651 0.0652379 0.0652101 0.0651864 0.0651929 0.0653663 0.066429 0.0722065 0.102367 0.252358 0.75999 1.47071 1.83003 1.92306 1.94157 1.94507 
1.94572 1.94584 1.94583 1.9458 1.94576 1.94573 1.94569 1.94566 1.94564 1.94561 1.94558 1.94556 1.94554 1.94552 1.9455 1.94548 1.94547 1.94545 1.94544 1.94543 1.94542 1.94541 1.9454 1.94539 1.94538 1.94538 1.94537 1.94537 1.94537 1.94536 1.94536 1.94536 1.94536 1.94536 1.94537 1.94537 1.94537 1.94538 1.94538 1.94539 1.9454 1.94541 1.94542 1.94543 1.94544 1.94545 1.94547 1.94548 1.9455 1.94552 1.94554 1.94556 1.94558 1.94561 1.94564 1.94566 1.94569 1.94573 1.94576 1.9458 1.94583 1.94584 1.94572 1.94488 1.94022 1.91553 1.79355 1.36033 0.635782 0.205315 0.0923855 0.0702221 0.0660278 0.065271 0.0651575 0.0651636 0.0651904 0.0652196 0.0652476 0.0652739 0.0652985 0.0653215 0.065343 0.0653629 0.0653815 0.0653987 0.0654147 0.0654295 0.0654431 0.0654556 0.0654671 0.0654777 0.0654873 0.065496 0.065504 0.0655111 0.0655175 0.0655233 0.0655284 0.065533 0.0655369 0.0655404 0.0655434 0.065546 0.0655481 0.0655499 0.0655514 0.0655526 0.0655535 0.0655541 0.0655545 0.0655548 0.0655549 0.0655548 0.0655546 0.0655543 0.065554 0.0655535 0.0655531 0.0655526 0.065552 0.0655515 0.065551 0.0655506 0.0655501 0.0655497 0.0655493 0.065549 0.0655488 0.0655486 0.0655485 0.0655485 0.0655485 0.0655486 0.0655488 0.065549 0.0655493 0.0655497 0.0655501 0.0655506 0.065551 0.0655515 0.065552 0.0655526 0.0655531 0.0655535 0.065554 0.0655543 0.0655546 0.0655548 0.0655549 0.0655548 0.0655545 0.0655541 0.0655535 0.0655526 0.0655514 0.0655499 0.0655481 0.065546 0.0655434 0.0655404 0.0655369 0.065533 0.0655284 0.0655233 0.0655175 0.0655111 0.065504 0.065496 0.0654873 0.0654777 0.0654671 0.0654556 0.0654431 0.0654295 0.0654147 0.0653987 0.0653815 0.0653629 0.065343 0.0653215 0.0652985 0.0652739 0.0652476 0.0652196 0.0651904 0.0651636 0.0651576 0.065271 0.0660278 0.0702223 0.0923867 0.20532 0.635798 1.36035 1.79356 1.91554 1.94022 1.94488 
1.94573 1.94589 1.94588 1.94584 1.9458 1.94577 1.94573 1.9457 1.94567 1.94564 1.94561 1.94559 1.94556 1.94554 1.94552 1.9455 1.94549 1.94547 1.94546 1.94544 1.94543 1.94542 1.94541 1.9454 1.9454 1.94539 1.94539 1.94538 1.94538 1.94538 1.94537 1.94537 1.94537 1.94538 1.94538 1.94538 1.94539 1.94539 1.9454 1.9454 1.94541 1.94542 1.94543 1.94544 1.94546 1.94547 1.94549 1.9455 1.94552 1.94554 1.94556 1.94559 1.94561 1.94564 1.94567 1.9457 1.94573 1.94577 1.9458 1.94584 1.94588 1.94589 1.94573 1.94465 1.93864 1.90667 1.75201 1.24856 0.533773 0.172137 0.0855459 0.0688573 0.0657472 0.0652004 0.0651287 0.0651437 0.065173 0.0652031 0.0652318 0.0652587 0.0652839 0.0653074 0.0653294 0.0653498 0.0653689 0.0653866 0.0654031 0.0654183 0.0654324 0.0654455 0.0654574 0.0654684 0.0654785 0.0654877 0.065496 0.0655036 0.0655104 0.0655166 0.0655221 0.065527 0.0655314 0.0655352 0.0655385 0.0655415 0.0655439 0.0655461 0.0655478 0.0655493 0.0655505 0.0655514 0.0655521 0.0655526 0.0655529 0.065553 0.0655531 0.065553 0.0655528 0.0655526 0.0655523 0.0655519 0.0655515 0.0655511 0.0655508 0.0655504 0.06555 0.0655497 0.0655494 0.0655492 0.065549 0.0655488 0.0655488 0.0655487 0.0655488 0.0655488 0.065549 0.0655492 0.0655494 0.0655497 0.06555 0.0655504 0.0655508 0.0655511 0.0655515 0.0655519 0.0655523 0.0655526 0.0655528 0.065553 0.0655531 0.065553 0.0655529 0.0655526 0.0655521 0.0655514 0.0655505 0.0655493 0.0655478 0.0655461 0.0655439 0.0655415 0.0655386 0.0655352 0.0655314 0.065527 0.0655221 0.0655166 0.0655104 0.0655036 0.065496 0.0654877 0.0654785 0.0654684 0.0654574 0.0654455 0.0654324 0.0654184 0.0654031 0.0653866 0.0653689 0.0653498 0.0653294 0.0653074 0.0652839 0.0652587 0.0652318 0.0652031 0.065173 0.0651437 0.0651288 0.0652004 0.0657472 0.0688575 0.0855467 0.172142 0.533787 1.24857 1.75201 1.90667 1.93864 1.94465 
1.94574 1.94594 1.94593 1.94589 1.94584 1.9458 1.94576 1.94573 1.94569 1.94566 1.94563 1.94561 1.94558 1.94556 1.94554 1.94552 1.9455 1.94549 1.94547 1.94546 1.94545 1.94544 1.94543 1.94542 1.94541 1.9454 1.9454 1.94539 1.94539 1.94539 1.94539 1.94538 1.94539 1.94539 1.94539 1.94539 1.9454 1.9454 1.94541 1.94542 1.94543 1.94544 1.94545 1.94546 1.94547 1.94549 1.9455 1.94552 1.94554 1.94556 1.94558 1.94561 1.94563 1.94566 1.94569 1.94573 1.94576 1.9458 1.94584 1.94589 1.94593 1.94594 1.94574 1.9444 1.93684 1.89659 1.7068 1.14103 0.452463 0.148826 0.0808465 0.0679227 0.0655528 0.0651491 0.0651058 0.0651269 0.0651577 0.0651886 0.0652177 0.0652451 0.0652707 0.0652947 0.0653171 0.0653381 0.0653576 0.0653757 0.0653926 0.0654083 0.0654228 0.0654362 0.0654486 0.06546 0.0654705 0.0654801 0.0654888 0.0654967 0.065504 0.0655105 0.0655163 0.0655216 0.0655263 0.0655304 0.0655341 0.0655373 0.0655401 0.0655425 0.0655446 0.0655463 0.0655477 0.0655489 0.0655498 0.0655505 0.0655511 0.0655514 0.0655516 0.0655517 0.0655517 0.0655516 0.0655515 0.0655513 0.065551 0.0655508 0.0655505 0.0655502 0.0655499 0.0655497 0.0655494 0.0655493 0.0655491 0.065549 0.0655489 0.0655489 0.0655489 0.065549 0.0655491 0.0655493 0.0655494 0.0655497 0.0655499 0.0655502 0.0655505 0.0655508 0.065551 0.0655513 0.0655515 0.0655516 0.0655517 0.0655517 0.0655516 0.0655514 0.0655511 0.0655505 0.0655498 0.0655489 0.0655477 0.0655463 0.0655446 0.0655425 0.0655401 0.0655373 0.0655341 0.0655304 0.0655263 0.0655216 0.0655163 0.0655105 0.065504 0.0654968 0.0654888 0.0654801 0.0654705 0.06546 0.0654486 0.0654363 0.0654228 0.0654083 0.0653926 0.0653757 0.0653576 0.0653381 0.0653171 0.0652947 0.0652707 0.0652451 0.0652177 0.0651886 0.0651577 0.0651269 0.0651059 0.0651491 0.0655528 0.0679228 0.0808471 0.14883 0.452475 1.14105 1.70681 1.89659 1.93684 1.9444 
1.94574 1.94598 1.94597 1.94593 1.94588 1.94583 1.94579 1.94575 1.94572 1.94569 1.94566 1.94563 1.9456 1.94558 1.94556 1.94554 1.94552 1.9455 1.94549 1.94547 1.94546 1.94545 1.94544 1.94543 1.94542 1.94541 1.94541 1.9454 1.9454 1.9454 1.94539 1.94539 1.94539 1.9454 1.9454 1.9454 1.94541 1.94541 1.94542 1.94543 1.94544 1.94545 1.94546 1.94547 1.94549 1.9455 1.94552 1.94554 1.94556 1.94558 1.9456 1.94563 1.94566 1.94569 1.94572 1.94575 1.94579 1.94583 1.94588 1.94593 1.94597 1.94598 1.94574 1.9441 1.93483 1.88541 1.65942 1.04176 0.388664 0.132291 0.0775885 0.0672862 0.0654218 0.0651136 0.0650885 0.0651131 0.0651448 0.065176 0.0652055 0.0652332 0.0652591 0.0652835 0.0653063 0.0653276 0.0653474 0.065366 0.0653833 0.0653993 0.0654142 0.065428 0.0654408 0.0654525 0.0654633 0.0654732 0.0654823 0.0654906 0.0654982 0.065505 0.0655112 0.0655167 0.0655217 0.0655262 0.0655301 0.0655336 0.0655367 0.0655393 0.0655416 0.0655436 0.0655452 0.0655466 0.0655478 0.0655487 0.0655494 0.0655499 0.0655503 0.0655506 0.0655507 0.0655508 0.0655508 0.0655507 0.0655506 0.0655504 0.0655502 0.06555 0.0655498 0.0655496 0.0655494 0.0655493 0.0655492 0.0655491 0.065549 0.065549 0.065549 0.0655491 0.0655492 0.0655493 0.0655494 0.0655496 0.0655498 0.06555 0.0655502 0.0655504 0.0655506 0.0655507 0.0655508 0.0655508 0.0655507 0.0655506 0.0655503 0.0655499 0.0655494 0.0655487 0.0655478 0.0655466 0.0655452 0.0655436 0.0655416 0.0655393 0.0655367 0.0655336 0.0655301 0.0655262 0.0655217 0.0655167 0.0655112 0.065505 0.0654982 0.0654906 0.0654823 0.0654732 0.0654633 0.0654525 0.0654408 0.065428 0.0654142 0.0653993 0.0653833 0.065366 0.0653475 0.0653276 0.0653063 0.0652835 0.0652591 0.0652332 0.0652055 0.065176 0.0651448 0.0651131 0.0650885 0.0651136 0.0654218 0.0672863 0.077589 0.132293 0.388675 1.04178 1.65943 1.88541 1.93483 1.9441 
