0.0672902 0.0672836 0.0672774 0.0672716 0.0672663 0.0672614 0.0672571 0.0672534 0.0672502 0.0672475 0.0672455 0.067244 0.0672431 0.0672428 0.0672431 0.067244 0.0672455 0.0672475 0.0672502 0.0672534 0.0672571 0.0672614 0.0672663 0.0672716 0.0672774 0.0672836 0.0672902 0.0672973 0.0673047 0.0673124 0.0673204 0.0673286 0.067337 0.0673456 0.0673544 0.0673632 0.0673722 0.0673811 0.0673901 0.0673991 0.067408 0.0674168 0.0674255 0.0674341 0.0674426 0.0674508 0.0674589 0.0674668 0.0674745 0.067482 0.0674892 0.0674962 0.0675029 0.0675094 0.0675156 0.0675216 0.0675272 0.0675326 0.0675378 0.0675427 0.0675473 0.0675516 0.0675557 0.0675595 0.0675631 0.0675665 0.0675696 0.0675725 0.0675752 0.0675776 0.0675799 0.067582 0.0675839 0.0675856 0.0675871 0.0675885 0.0675898 0.0675909 0.0675918 0.0675927 0.0675934 0.067594 0.0675945 0.067595 0.0675953 0.0675956 0.0675958 0.0675959 0.067596 0.067596 0.0675959 0.0675959 0.0675958 0.0675957 0.0675955 0.0675953 0.0675951 0.0675949 0.0675947 0.0675945 0.0675943 0.0675941 0.0675939 0.0675937 0.0675935 0.0675934 0.0675932 0.0675931 0.067593 0.0675929 0.0675928 0.0675927 0.0675927 0.0675927 0.0675927 0.0675927 0.0675928 0.0675929 0.067593 0.0675931 0.0675932 0.0675934 0.0675935 0.0675937 0.0675939 0.0675941 0.0675943 0.0675945 0.0675947 0.0675949 0.0675951 0.0675953 0.0675955 0.0675957 0.0675958 0.0675959 0.0675959 0.067596 0.067596 0.0675959 0.0675958 0.0675956 0.0675953 0.067595 0.0675945 0.067594 0.0675934 0.0675927 0.0675918 0.0675909 0.0675898 0.0675885 0.0675871 0.0675856 0.0675839 0.067582 0.0675799 0.0675776 0.0675752 0.0675725 0.0675696 0.0675665 0.0675631 0.0675595 0.0675557 0.0675516 0.0675473 0.0675427 0.0675378 0.0675326 0.0675272 0.0675216 0.0675156 0.0675094 0.0675029 0.0674962 0.0674892 0.067482 0.0674745 0.0674668 0.0674589 0.0674508 0.0674426 0.0674341 0.0674255 0.0674168 0.067408 0.0673991 0.0673901 0.0673811 0.0673722 0.0673632 0.0673544 0.0673456 0.067337 0.0673286 0.0673204 0.0673124 0.0673047 0.0672973 
0.067286 0.067279 0.0672724 0.0672663 0.0672607 0.0672557 0.0672512 0.0672472 0.0672439 0.0672411 0.0672389 0.0672374 0.0672365 0.0672361 0.0672365 0.0672374 0.0672389 0.0672411 0.0672439 0.0672472 0.0672512 0.0672557 0.0672607 0.0672663 0.0672724 0.067279 0.067286 0.0672934 0.0673011 0.0673092 0.0673176 0.0673262 0.067335 0.067344 0.0673531 0.0673624 0.0673717 0.067381 0.0673903 0.0673996 0.0674088 0.0674179 0.0674269 0.0674358 0.0674445 0.067453 0.0674613 0.0674694 0.0674773 0.0674849 0.0674922 0.0674993 0.0675062 0.0675127 0.067519 0.067525 0.0675307 0.0675361 0.0675412 0.0675461 0.0675507 0.067555 0.067559 0.0675628 0.0675663 0.0675696 0.0675727 0.0675755 0.0675781 0.0675804 0.0675826 0.0675846 0.0675864 0.067588 0.0675894 0.0675907 0.0675919 0.0675929 0.0675937 0.0675945 0.0675951 0.0675956 0.067596 0.0675963 0.0675966 0.0675968 0.0675969 0.0675969 0.0675969 0.0675968 0.0675967 0.0675966 0.0675964 0.0675962 0.067596 0.0675957 0.0675955 0.0675952 0.067595 0.0675947 0.0675945 0.0675942 0.067594 0.0675938 0.0675936 0.0675934 0.0675932 0.067593 0.0675929 0.0675928 0.0675927 0.0675926 0.0675926 0.0675926 0.0675926 0.0675926 0.0675927 0.0675928 0.0675929 0.067593 0.0675932 0.0675934 0.0675936 0.0675938 0.067594 0.0675942 0.0675945 0.0675947 0.067595 0.0675952 0.0675955 0.0675957 0.067596 0.0675962 0.0675964 0.0675966 0.0675967 0.0675968 0.0675969 0.0675969 0.0675969 0.0675968 0.0675966 0.0675963 0.067596 0.0675956 0.0675951 0.0675945 0.0675937 0.0675929 0.0675919 0.0675907 0.0675894 0.067588 0.0675864 0.0675846 0.0675826 0.0675804 0.0675781 0.0675755 0.0675727 0.0675696 0.0675663 0.0675628 0.067559 0.067555 0.0675507 0.0675461 0.0675412 0.0675361 0.0675307 0.067525 0.067519 0.0675127 0.0675062 0.0674993 0.0674922 0.0674849 0.0674773 0.0674694 0.0674613 0.067453 0.0674445 0.0674358 0.0674269 0.0674179 0.0674088 0.0673996 0.0673903 0.067381 0.0673717 0.0673624 0.0673531 0.067344 0.067335 0.0673262 0.0673176 0.0673092 0.0673011 0.0672934 
0.0672813 0.067274 0.0672671 0.0672606 0.0672548 0.0672494 0.0672447 0.0672405 0.067237 0.0672341 0.0672318 0.0672302 0.0672292 0.0672289 0.0672292 0.0672302 0.0672318 0.0672341 0.067237 0.0672405 0.0672447 0.0672494 0.0672548 0.0672606 0.0672671 0.067274 0.0672813 0.0672891 0.0672973 0.0673058 0.0673146 0.0673236 0.0673329 0.0673423 0.0673518 0.0673615 0.0673712 0.0673809 0.0673906 0.0674002 0.0674098 0.0674192 0.0674285 0.0674377 0.0674466 0.0674554 0.0674639 0.0674722 0.0674803 0.067488 0.0674955 0.0675027 0.0675097 0.0675163 0.0675226 0.0675287 0.0675344 0.0675398 0.067545 0.0675498 0.0675544 0.0675586 0.0675626 0.0675663 0.0675698 0.067573 0.067576 0.0675787 0.0675812 0.0675835 0.0675855 0.0675874 0.0675891 0.0675906 0.0675919 0.0675931 0.0675941 0.067595 0.0675957 0.0675963 0.0675969 0.0675973 0.0675976 0.0675978 0.0675979 0.067598 0.067598 0.067598 0.0675979 0.0675977 0.0675975 0.0675973 0.067597 0.0675968 0.0675965 0.0675962 0.0675959 0.0675956 0.0675952 0.0675949 0.0675946 0.0675943 0.0675941 0.0675938 0.0675936 0.0675933 0.0675931 0.067593 0.0675928 0.0675927 0.0675926 0.0675925 0.0675925 0.0675924 0.0675925 0.0675925 0.0675926 0.0675927 0.0675928 0.067593 0.0675931 0.0675933 0.0675936 0.0675938 0.0675941 0.0675943 0.0675946 0.0675949 0.0675952 0.0675956 0.0675959 0.0675962 0.0675965 0.0675968 0.067597 0.0675973 0.0675975 0.0675977 0.0675979 0.067598 0.067598 0.067598 0.0675979 0.0675978 0.0675976 0.0675973 0.0675969 0.0675963 0.0675957 0.067595 0.0675941 0.0675931 0.0675919 0.0675906 0.0675891 0.0675874 0.0675855 0.0675835 0.0675812 0.0675787 0.067576 0.067573 0.0675698 0.0675663 0.0675626 0.0675586 0.0675544 0.0675498 0.067545 0.0675398 0.0675344 0.0675287 0.0675226 0.0675163 0.0675097 0.0675027 0.0674955 0.067488 0.0674803 0.0674722 0.0674639 0.0674554 0.0674466 0.0674377 0.0674285 0.0674192 0.0674098 0.0674002 0.0673906 0.0673809 0.0673712 0.0673615 0.0673518 0.0673423 0.0673329 0.0673236 0.0673146 0.0673058 0.0672973 0.0672891 
0.0672763 0.0672685 0.0672612 0.0672545 0.0672483 0.0672426 0.0672376 0.0672332 0.0672295 0.0672265 0.0672241 0.0672224 0.0672214 0.067221 0.0672214 0.0672224 0.0672241 0.0672265 0.0672295 0.0672332 0.0672376 0.0672426 0.0672483 0.0672545 0.0672612 0.0672685 0.0672763 0.0672845 0.0672931 0.0673021 0.0673113 0.0673209 0.0673306 0.0673405 0.0673505 0.0673606 0.0673707 0.0673808 0.0673909 0.067401 0.0674109 0.0674207 0.0674303 0.0674398 0.067449 0.0674581 0.0674668 0.0674753 0.0674836 0.0674915 0.0674992 0.0675065 0.0675135 0.0675202 0.0675266 0.0675327 0.0675384 0.0675439 0.067549 0.0675538 0.0675584 0.0675626 0.0675665 0.0675702 0.0675735 0.0675767 0.0675795 0.0675821 0.0675845 0.0675867 0.0675886 0.0675904 0.0675919 0.0675933 0.0675945 0.0675956 0.0675965 0.0675972 0.0675978 0.0675984 0.0675987 0.067599 0.0675992 0.0675993 0.0675994 0.0675993 0.0675992 0.0675991 0.0675989 0.0675986 0.0675983 0.067598 0.0675977 0.0675974 0.067597 0.0675966 0.0675962 0.0675959 0.0675955 0.0675951 0.0675948 0.0675944 0.0675941 0.0675938 0.0675935 0.0675933 0.0675931 0.0675929 0.0675927 0.0675925 0.0675924 0.0675923 0.0675923 0.0675923 0.0675923 0.0675923 0.0675924 0.0675925 0.0675927 0.0675929 0.0675931 0.0675933 0.0675935 0.0675938 0.0675941 0.0675944 0.0675948 0.0675951 0.0675955 0.0675959 0.0675962 0.0675966 0.067597 0.0675974 0.0675977 0.067598 0.0675983 0.0675986 0.0675989 0.0675991 0.0675992 0.0675993 0.0675994 0.0675993 0.0675992 0.067599 0.0675987 0.0675984 0.0675978 0.0675972 0.0675965 0.0675956 0.0675945 0.0675933 0.0675919 0.0675904 0.0675886 0.0675867 0.0675845 0.0675821 0.0675795 0.0675767 0.0675735 0.0675702 0.0675665 0.0675626 0.0675584 0.0675538 0.067549 0.0675439 0.0675384 0.0675327 0.0675266 0.0675202 0.0675135 0.0675065 0.0674992 0.0674915 0.0674836 0.0674753 0.0674668 0.0674581 0.067449 0.0674398 0.0674303 0.0674207 0.0674109 0.067401 0.0673909 0.0673808 0.0673707 0.0673606 0.0673505 0.0673405 0.0673306 0.0673209 0.0673113 0.0673021 0.0672931 0.0672845 
0.0672709 0.0672627 0.0672549 0.0672478 0.0672412 0.0672353 0.06723 0.0672254 0.0672214 0.0672182 0.0672157 0.0672139 0.0672129 0.0672125 0.0672129 0.0672139 0.0672157 0.0672182 0.0672214 0.0672254 0.06723 0.0672353 0.0672412 0.0672478 0.0672549 0.0672627 0.0672709 0.0672796 0.0672887 0.0672982 0.0673079 0.067318 0.0673282 0.0673386 0.0673491 0.0673597 0.0673703 0.0673809 0.0673914 0.0674019 0.0674122 0.0674224 0.0674324 0.0674422 0.0674517 0.067461 0.06747 0.0674788 0.0674872 0.0674953 0.0675031 0.0675106 0.0675177 0.0675245 0.067531 0.0675371 0.0675428 0.0675483 0.0675534 0.0675582 0.0675627 0.0675668 0.0675707 0.0675743 0.0675776 0.0675806 0.0675833 0.0675858 0.0675881 0.0675902 0.067592 0.0675936 0.067595 0.0675963 0.0675973 0.0675982 0.067599 0.0675996 0.0676001 0.0676005 0.0676007 0.0676009 0.067601 0.067601 0.0676009 0.0676007 0.0676005 0.0676002 0.0675999 0.0675996 0.0675992 0.0675988 0.0675984 0.067598 0.0675975 0.0675971 0.0675966 0.0675962 0.0675957 0.0675953 0.0675949 0.0675945 0.0675942 0.0675938 0.0675935 0.0675932 0.067593 0.0675927 0.0675925 0.0675924 0.0675922 0.0675921 0.0675921 0.0675921 0.0675921 0.0675921 0.0675922 0.0675924 0.0675925 0.0675927 0.067593 0.0675932 0.0675935 0.0675938 0.0675942 0.0675945 0.0675949 0.0675953 0.0675957 0.0675962 0.0675966 0.0675971 0.0675975 0.067598 0.0675984 0.0675988 0.0675992 0.0675996 0.0675999 0.0676002 0.0676005 0.0676007 0.0676009 0.067601 0.067601 0.0676009 0.0676007 0.0676005 0.0676001 0.0675996 0.067599 0.0675982 0.0675973 0.0675963 0.067595 0.0675936 0.067592 0.0675902 0.0675881 0.0675858 0.0675833 0.0675806 0.0675776 0.0675743 0.0675707 0.0675668 0.0675627 0.0675582 0.0675534 0.0675483 0.0675428 0.0675371 0.067531 0.0675245 0.0675177 0.0675106 0.0675031 0.0674953 0.0674872 0.0674788 0.06747 0.067461 0.0674517 0.0674422 0.0674324 0.0674224 0.0674122 0.0674019 0.0673914 0.0673809 0.0673703 0.0673597 0.0673491 0.0673386 0.0673282 0.067318 0.0673079 0.0672982 0.0672887 0.0672796 
0.0672651 0.0672563 0.0672482 0.0672405 0.0672336 0.0672273 0.0672217 0.0672168 0.0672127 0.0672093 0.0672067 0.0672048 0.0672037 0.0672034 0.0672037 0.0672048 0.0672067 0.0672093 0.0672127 0.0672168 0.0672217 0.0672273 0.0672336 0.0672405 0.0672482 0.0672563 0.0672651 0.0672743 0.0672839 0.067294 0.0673043 0.0673149 0.0673257 0.0673366 0.0673477 0.0673588 0.0673699 0.067381 0.067392 0.0674029 0.0674137 0.0674243 0.0674347 0.0674448 0.0674547 0.0674643 0.0674736 0.0674825 0.0674912 0.0674995 0.0675074 0.067515 0.0675223 0.0675292 0.0675357 0.0675418 0.0675476 0.0675531 0.0675581 0.0675629 0.0675673 0.0675714 0.0675752 0.0675787 0.0675819 0.0675848 0.0675874 0.0675898 0.0675919 0.0675938 0.0675955 0.067597 0.0675983 0.0675994 0.0676003 0.0676011 0.0676017 0.0676021 0.0676025 0.0676027 0.0676028 0.0676029 0.0676028 0.0676027 0.0676024 0.0676022 0.0676018 0.0676015 0.067601 0.0676006 0.0676001 0.0675996 0.0675991 0.0675986 0.067598 0.0675975 0.067597 0.0675965 0.067596 0.0675955 0.067595 0.0675946 0.0675942 0.0675938 0.0675934 0.0675931 0.0675928 0.0675926 0.0675923 0.0675922 0.067592 0.0675919 0.0675919 0.0675918 0.0675919 0.0675919 0.067592 0.0675922 0.0675923 0.0675926 0.0675928 0.0675931 0.0675934 0.0675938 0.0675942 0.0675946 0.067595 0.0675955 0.067596 0.0675965 0.067597 0.0675975 0.067598 0.0675986 0.0675991 0.0675996 0.0676001 0.0676006 0.067601 0.0676015 0.0676018 0.0676022 0.0676024 0.0676027 0.0676028 0.0676029 0.0676028 0.0676027 0.0676025 0.0676021 0.0676017 0.0676011 0.0676003 0.0675994 0.0675983 0.067597 0.0675955 0.0675938 0.0675919 0.0675898 0.0675874 0.0675848 0.0675819 0.0675787 0.0675752 0.0675714 0.0675673 0.0675629 0.0675581 0.0675531 0.0675476 0.0675418 0.0675357 0.0675292 0.0675223 0.067515 0.0675074 0.0674995 0.0674912 0.0674825 0.0674736 0.0674643 0.0674547 0.0674448 0.0674347 0.0674243 0.0674137 0.0674029 0.067392 0.067381 0.0673699 0.0673588 0.0673477 0.0673366 0.0673257 0.0673149 0.0673043 0.067294 0.0672839 0.0672743 
0.0672588 0.0672495 0.0672408 0.0672327 0.0672253 0.0672186 0.0672127 0.0672076 0.0672033 0.0671997 0.067197 0.0671951 0.0671939 0.0671935 0.0671939 0.0671951 0.067197 0.0671997 0.0672033 0.0672076 0.0672127 0.0672186 0.0672253 0.0672327 0.0672408 0.0672495 0.0672588 0.0672686 0.0672789 0.0672895 0.0673004 0.0673116 0.067323 0.0673346 0.0673463 0.0673579 0.0673696 0.0673813 0.0673928 0.0674042 0.0674154 0.0674264 0.0674372 0.0674477 0.067458 0.0674679 0.0674774 0.0674867 0.0674955 0.067504 0.0675122 0.0675199 0.0675272 0.0675342 0.0675408 0.0675469 0.0675528 0.0675582 0.0675633 0.067568 0.0675723 0.0675763 0.06758 0.0675834 0.0675865 0.0675893 0.0675918 0.067594 0.067596 0.0675978 0.0675993 0.0676006 0.0676017 0.0676027 0.0676034 0.067604 0.0676045 0.0676048 0.067605 0.0676051 0.067605 0.0676049 0.0676047 0.0676044 0.0676041 0.0676037 0.0676032 0.0676027 0.0676022 0.0676016 0.067601 0.0676004 0.0675998 0.0675992 0.0675986 0.067598 0.0675974 0.0675968 0.0675962 0.0675957 0.0675951 0.0675946 0.0675942 0.0675937 0.0675933 0.067593 0.0675926 0.0675924 0.0675921 0.0675919 0.0675918 0.0675916 0.0675916 0.0675916 0.0675916 0.0675916 0.0675918 0.0675919 0.0675921 0.0675924 0.0675926 0.067593 0.0675933 0.0675937 0.0675942 0.0675946 0.0675951 0.0675957 0.0675962 0.0675968 0.0675974 0.067598 0.0675986 0.0675992 0.0675998 0.0676004 0.067601 0.0676016 0.0676022 0.0676027 0.0676032 0.0676037 0.0676041 0.0676044 0.0676047 0.0676049 0.067605 0.0676051 0.067605 0.0676048 0.0676045 0.067604 0.0676034 0.0676027 0.0676017 0.0676006 0.0675993 0.0675978 0.067596 0.067594 0.0675918 0.0675893 0.0675865 0.0675834 0.06758 0.0675763 0.0675723 0.067568 0.0675633 0.0675582 0.0675528 0.0675469 0.0675408 0.0675342 0.0675272 0.0675199 0.0675122 0.067504 0.0674955 0.0674867 0.0674774 0.0674679 0.067458 0.0674477 0.0674372 0.0674264 0.0674154 0.0674042 0.0673928 0.0673813 0.0673696 0.0673579 0.0673463 0.0673346 0.067323 0.0673116 0.0673004 0.0672895 0.0672789 0.0672686 
0.0672521 0.0672422 0.0672329 0.0672243 0.0672164 0.0672093 0.067203 0.0671976 0.0671931 0.0671894 0.0671866 0.0671846 0.0671834 0.067183 0.0671834 0.0671846 0.0671866 0.0671894 0.0671931 0.0671976 0.067203 0.0672093 0.0672164 0.0672243 0.0672329 0.0672422 0.0672521 0.0672625 0.0672734 0.0672847 0.0672963 0.0673082 0.0673203 0.0673325 0.0673448 0.0673571 0.0673694 0.0673816 0.0673937 0.0674057 0.0674174 0.0674289 0.0674401 0.067451 0.0674616 0.0674718 0.0674817 0.0674912 0.0675003 0.067509 0.0675173 0.0675252 0.0675326 0.0675397 0.0675463 0.0675525 0.0675583 0.0675637 0.0675687 0.0675734 0.0675777 0.0675816 0.0675852 0.0675884 0.0675914 0.067594 0.0675964 0.0675985 0.0676003 0.0676019 0.0676033 0.0676044 0.0676054 0.0676061 0.0676067 0.0676072 0.0676074 0.0676076 0.0676076 0.0676075 0.0676073 0.0676071 0.0676067 0.0676063 0.0676058 0.0676052 0.0676046 0.067604 0.0676033 0.0676027 0.0676019 0.0676012 0.0676005 0.0675998 0.0675991 0.0675984 0.0675977 0.067597 0.0675964 0.0675958 0.0675952 0.0675946 0.0675941 0.0675936 0.0675932 0.0675928 0.0675924 0.0675921 0.0675918 0.0675916 0.0675915 0.0675913 0.0675913 0.0675912 0.0675913 0.0675913 0.0675915 0.0675916 0.0675918 0.0675921 0.0675924 0.0675928 0.0675932 0.0675936 0.0675941 0.0675946 0.0675952 0.0675958 0.0675964 0.067597 0.0675977 0.0675984 0.0675991 0.0675998 0.0676005 0.0676012 0.0676019 0.0676027 0.0676033 0.067604 0.0676046 0.0676052 0.0676058 0.0676063 0.0676067 0.0676071 0.0676073 0.0676075 0.0676076 0.0676076 0.0676074 0.0676072 0.0676067 0.0676061 0.0676054 0.0676044 0.0676033 0.0676019 0.0676003 0.0675985 0.0675964 0.067594 0.0675914 0.0675884 0.0675852 0.0675816 0.0675777 0.0675734 0.0675687 0.0675637 0.0675583 0.0675525 0.0675463 0.0675397 0.0675326 0.0675252 0.0675173 0.067509 0.0675003 0.0674912 0.0674817 0.0674718 0.0674616 0.067451 0.0674401 0.0674289 0.0674174 0.0674057 0.0673937 0.0673816 0.0673694 0.0673571 0.0673448 0.0673325 0.0673203 0.0673082 0.0672963 0.0672847 0.0672734 0.0672625 
0.0672449 0.0672343 0.0672244 0.0672152 0.0672068 0.0671992 0.0671926 0.0671869 0.0671821 0.0671783 0.0671754 0.0671733 0.0671721 0.0671717 0.0671721 0.0671733 0.0671754 0.0671783 0.0671821 0.0671869 0.0671926 0.0671992 0.0672068 0.0672152 0.0672244 0.0672343 0.0672449 0.067256 0.0672677 0.0672797 0.0672921 0.0673047 0.0673175 0.0673304 0.0673434 0.0673564 0.0673693 0.0673822 0.0673949 0.0674074 0.0674196 0.0674316 0.0674433 0.0674546 0.0674656 0.0674762 0.0674864 0.0674962 0.0675055 0.0675144 0.0675229 0.0675309 0.0675384 0.0675456 0.0675522 0.0675585 0.0675643 0.0675697 0.0675746 0.0675792 0.0675834 0.0675872 0.0675907 0.0675938 0.0675966 0.0675991 0.0676013 0.0676032 0.0676049 0.0676063 0.0676075 0.0676085 0.0676092 0.0676098 0.0676102 0.0676104 0.0676105 0.0676105 0.0676104 0.0676101 0.0676097 0.0676093 0.0676088 0.0676082 0.0676075 0.0676068 0.0676061 0.0676053 0.0676045 0.0676037 0.0676029 0.0676021 0.0676012 0.0676004 0.0675996 0.0675988 0.067598 0.0675973 0.0675966 0.0675959 0.0675952 0.0675946 0.067594 0.0675935 0.067593 0.0675926 0.0675922 0.0675918 0.0675915 0.0675913 0.0675911 0.067591 0.0675909 0.0675909 0.0675909 0.067591 0.0675911 0.0675913 0.0675915 0.0675918 0.0675922 0.0675926 0.067593 0.0675935 0.067594 0.0675946 0.0675952 0.0675959 0.0675966 0.0675973 0.067598 0.0675988 0.0675996 0.0676004 0.0676012 0.0676021 0.0676029 0.0676037 0.0676045 0.0676053 0.0676061 0.0676068 0.0676075 0.0676082 0.0676088 0.0676093 0.0676097 0.0676101 0.0676104 0.0676105 0.0676105 0.0676104 0.0676102 0.0676098 0.0676092 0.0676085 0.0676075 0.0676063 0.0676049 0.0676032 0.0676013 0.0675991 0.0675966 0.0675938 0.0675907 0.0675872 0.0675834 0.0675792 0.0675746 0.0675697 0.0675643 0.0675585 0.0675522 0.0675456 0.0675384 0.0675309 0.0675229 0.0675144 0.0675055 0.0674962 0.0674864 0.0674762 0.0674656 0.0674546 0.0674433 0.0674316 0.0674196 0.0674074 0.0673949 0.0673822 0.0673693 0.0673564 0.0673434 0.0673304 0.0673175 0.0673047 0.0672921 0.0672797 0.0672677 0.067256 
0.0672372 0.0672258 0.0672152 0.0672053 0.0671963 0.0671883 0.0671812 0.0671753 0.0671703 0.0671664 0.0671634 0.0671613 0.0671601 0.0671597 0.0671601 0.0671613 0.0671634 0.0671664 0.0671703 0.0671753 0.0671812 0.0671883 0.0671963 0.0672053 0.0672152 0.0672258 0.0672372 0.0672491 0.0672615 0.0672744 0.0672875 0.067301 0.0673146 0.0673283 0.067342 0.0673557 0.0673694 0.0673829 0.0673962 0.0674093 0.0674222 0.0674347 0.0674469 0.0674586 0.06747 0.067481 0.0674915 0.0675016 0.0675112 0.0675203 0.0675289 0.0675371 0.0675447 0.0675519 0.0675586 0.0675649 0.0675707 0.067576 0.0675809 0.0675854 0.0675895 0.0675932 0.0675966 0.0675996 0.0676022 0.0676045 0.0676065 0.0676083 0.0676097 0.067611 0.0676119 0.0676127 0.0676133 0.0676136 0.0676138 0.0676139 0.0676138 0.0676136 0.0676132 0.0676128 0.0676122 0.0676116 0.0676109 0.0676101 0.0676093 0.0676085 0.0676076 0.0676067 0.0676057 0.0676048 0.0676038 0.0676029 0.0676019 0.067601 0.0676001 0.0675992 0.0675983 0.0675975 0.0675967 0.0675959 0.0675952 0.0675945 0.0675939 0.0675933 0.0675928 0.0675923 0.0675919 0.0675915 0.0675912 0.0675909 0.0675907 0.0675905 0.0675905 0.0675904 0.0675905 0.0675905 0.0675907 0.0675909 0.0675912 0.0675915 0.0675919 0.0675923 0.0675928 0.0675933 0.0675939 0.0675945 0.0675952 0.0675959 0.0675967 0.0675975 0.0675983 0.0675992 0.0676001 0.067601 0.0676019 0.0676029 0.0676038 0.0676048 0.0676057 0.0676067 0.0676076 0.0676085 0.0676093 0.0676101 0.0676109 0.0676116 0.0676122 0.0676128 0.0676132 0.0676136 0.0676138 0.0676139 0.0676138 0.0676136 0.0676133 0.0676127 0.0676119 0.067611 0.0676097 0.0676083 0.0676065 0.0676045 0.0676022 0.0675996 0.0675966 0.0675932 0.0675895 0.0675854 0.0675809 0.067576 0.0675707 0.0675649 0.0675586 0.0675519 0.0675447 0.0675371 0.0675289 0.0675203 0.0675112 0.0675016 0.0674915 0.067481 0.06747 0.0674586 0.0674469 0.0674347 0.0674222 0.0674093 0.0673962 0.0673829 0.0673694 0.0673557 0.067342 0.0673283 0.0673146 0.067301 0.0672875 0.0672744 0.0672615 0.0672491 
0.0672289 0.0672167 0.0672052 0.0671946 0.067185 0.0671764 0.0671689 0.0671627 0.0671576 0.0671536 0.0671506 0.0671485 0.0671474 0.067147 0.0671474 0.0671485 0.0671506 0.0671536 0.0671576 0.0671627 0.0671689 0.0671764 0.067185 0.0671946 0.0672052 0.0672167 0.0672289 0.0672417 0.067255 0.0672688 0.0672828 0.0672971 0.0673116 0.0673261 0.0673407 0.0673552 0.0673696 0.0673838 0.0673979 0.0674116 0.067425 0.0674381 0.0674508 0.0674631 0.0674749 0.0674863 0.0674971 0.0675075 0.0675174 0.0675267 0.0675355 0.0675438 0.0675516 0.0675588 0.0675656 0.0675718 0.0675776 0.0675829 0.0675877 0.0675921 0.0675961 0.0675997 0.0676028 0.0676056 0.0676081 0.0676102 0.0676121 0.0676136 0.0676149 0.0676159 0.0676166 0.0676172 0.0676175 0.0676177 0.0676177 0.0676175 0.0676172 0.0676167 0.0676162 0.0676155 0.0676148 0.067614 0.0676131 0.0676122 0.0676112 0.0676102 0.0676091 0.067608 0.067607 0.0676059 0.0676048 0.0676037 0.0676027 0.0676016 0.0676006 0.0675996 0.0675986 0.0675977 0.0675968 0.067596 0.0675952 0.0675944 0.0675937 0.0675931 0.0675925 0.067592 0.0675915 0.0675911 0.0675907 0.0675905 0.0675902 0.0675901 0.06759 0.0675899 0.06759 0.0675901 0.0675902 0.0675905 0.0675907 0.0675911 0.0675915 0.067592 0.0675925 0.0675931 0.0675937 0.0675944 0.0675952 0.067596 0.0675968 0.0675977 0.0675986 0.0675996 0.0676006 0.0676016 0.0676027 0.0676037 0.0676048 0.0676059 0.067607 0.067608 0.0676091 0.0676102 0.0676112 0.0676122 0.0676131 0.067614 0.0676148 0.0676155 0.0676162 0.0676167 0.0676172 0.0676175 0.0676177 0.0676177 0.0676175 0.0676172 0.0676166 0.0676159 0.0676149 0.0676136 0.0676121 0.0676102 0.0676081 0.0676056 0.0676028 0.0675997 0.0675961 0.0675921 0.0675877 0.0675829 0.0675776 0.0675718 0.0675656 0.0675588 0.0675516 0.0675438 0.0675355 0.0675267 0.0675174 0.0675075 0.0674971 0.0674863 0.0674749 0.0674631 0.0674508 0.0674381 0.067425 0.0674116 0.0673979 0.0673838 0.0673696 0.0673552 0.0673407 0.0673261 0.0673116 0.0672971 0.0672828 0.0672688 0.067255 0.0672417 
0.0672201 0.0672069 0.0671945 0.067183 0.0671726 0.0671634 0.0671555 0.067149 0.0671438 0.0671398 0.0671369 0.067135 0.0671339 0.0671336 0.0671339 0.067135 0.0671369 0.0671398 0.0671438 0.067149 0.0671555 0.0671634 0.0671726 0.067183 0.0671945 0.0672069 0.0672201 0.0672339 0.0672482 0.0672629 0.0672779 0.0672931 0.0673085 0.067324 0.0673394 0.0673548 0.06737 0.067385 0.0673998 0.0674142 0.0674283 0.067442 0.0674552 0.067468 0.0674803 0.0674921 0.0675033 0.067514 0.0675241 0.0675337 0.0675426 0.0675511 0.0675589 0.0675662 0.067573 0.0675792 0.067585 0.0675902 0.0675949 0.0675992 0.0676031 0.0676065 0.0676095 0.0676121 0.0676144 0.0676163 0.0676179 0.0676192 0.0676202 0.067621 0.0676215 0.0676219 0.067622 0.0676219 0.0676216 0.0676212 0.0676207 0.06762 0.0676193 0.0676184 0.0676175 0.0676164 0.0676154 0.0676142 0.0676131 0.0676119 0.0676107 0.0676094 0.0676082 0.067607 0.0676057 0.0676045 0.0676033 0.0676022 0.067601 0.0675999 0.0675989 0.0675979 0.0675969 0.067596 0.0675951 0.0675943 0.0675935 0.0675928 0.0675922 0.0675916 0.0675911 0.0675906 0.0675903 0.0675899 0.0675897 0.0675895 0.0675894 0.0675894 0.0675894 0.0675895 0.0675897 0.0675899 0.0675903 0.0675906 0.0675911 0.0675916 0.0675922 0.0675928 0.0675935 0.0675943 0.0675951 0.067596 0.0675969 0.0675979 0.0675989 0.0675999 0.067601 0.0676022 0.0676033 0.0676045 0.0676057 0.067607 0.0676082 0.0676094 0.0676107 0.0676119 0.0676131 0.0676142 0.0676154 0.0676164 0.0676175 0.0676184 0.0676193 0.06762 0.0676207 0.0676212 0.0676216 0.0676219 0.067622 0.0676219 0.0676215 0.067621 0.0676202 0.0676192 0.0676179 0.0676163 0.0676144 0.0676121 0.0676095 0.0676065 0.0676031 0.0675992 0.0675949 0.0675902 0.067585 0.0675792 0.067573 0.0675662 0.0675589 0.0675511 0.0675426 0.0675337 0.0675241 0.067514 0.0675033 0.0674921 0.0674803 0.067468 0.0674552 0.067442 0.0674283 0.0674142 0.0673998 0.067385 0.06737 0.0673548 0.0673394 0.067324 0.0673085 0.0672931 0.0672779 0.0672629 0.0672482 0.0672339 
0.0672107 0.0671964 0.0671829 0.0671704 0.0671591 0.0671492 0.0671409 0.0671341 0.0671289 0.0671251 0.0671225 0.0671208 0.0671199 0.0671196 0.0671199 0.0671208 0.0671225 0.0671251 0.0671289 0.0671341 0.0671409 0.0671492 0.0671591 0.0671704 0.0671829 0.0671964 0.0672107 0.0672256 0.067241 0.0672567 0.0672728 0.0672891 0.0673054 0.0673219 0.0673382 0.0673545 0.0673706 0.0673865 0.067402 0.0674172 0.067432 0.0674463 0.0674601 0.0674735 0.0674862 0.0674984 0.06751 0.067521 0.0675314 0.0675412 0.0675504 0.0675589 0.0675669 0.0675742 0.067581 0.0675872 0.0675929 0.067598 0.0676027 0.0676068 0.0676105 0.0676137 0.0676165 0.067619 0.067621 0.0676227 0.0676241 0.0676251 0.0676259 0.0676264 0.0676267 0.0676268 0.0676266 0.0676263 0.0676258 0.0676251 0.0676244 0.0676235 0.0676225 0.0676214 0.0676202 0.067619 0.0676177 0.0676164 0.067615 0.0676136 0.0676122 0.0676108 0.0676094 0.067608 0.0676067 0.0676053 0.067604 0.0676027 0.0676015 0.0676002 0.0675991 0.067598 0.0675969 0.0675959 0.0675949 0.067594 0.0675932 0.0675925 0.0675918 0.0675911 0.0675906 0.0675901 0.0675897 0.0675894 0.0675891 0.0675889 0.0675888 0.0675888 0.0675888 0.0675889 0.0675891 0.0675894 0.0675897 0.0675901 0.0675906 0.0675911 0.0675918 0.0675925 0.0675932 0.067594 0.0675949 0.0675959 0.0675969 0.067598 0.0675991 0.0676002 0.0676015 0.0676027 0.067604 0.0676053 0.0676067 0.067608 0.0676094 0.0676108 0.0676122 0.0676136 0.067615 0.0676164 0.0676177 0.067619 0.0676202 0.0676214 0.0676225 0.0676235 0.0676244 0.0676251 0.0676258 0.0676263 0.0676266 0.0676268 0.0676267 0.0676264 0.0676259 0.0676251 0.0676241 0.0676227 0.067621 0.067619 0.0676165 0.0676137 0.0676105 0.0676068 0.0676027 0.067598 0.0675929 0.0675872 0.067581 0.0675742 0.0675669 0.0675589 0.0675504 0.0675412 0.0675314 0.067521 0.06751 0.0674984 0.0674862 0.0674735 0.0674601 0.0674463 0.067432 0.0674172 0.067402 0.0673865 0.0673706 0.0673545 0.0673382 0.0673219 0.0673054 0.0672891 0.0672728 0.0672567 0.067241 0.0672256 
0.0672007 0.0671852 0.0671705 0.0671568 0.0671444 0.0671336 0.0671248 0.0671179 0.0671129 0.0671095 0.0671073 0.0671061 0.0671055 0.0671053 0.0671055 0.0671061 0.0671073 0.0671095 0.0671129 0.0671179 0.0671248 0.0671336 0.0671444 0.0671568 0.0671705 0.0671852 0.0672007 0.0672168 0.0672334 0.0672503 0.0672675 0.0672849 0.0673023 0.0673198 0.0673372 0.0673544 0.0673715 0.0673882 0.0674046 0.0674206 0.0674361 0.0674511 0.0674656 0.0674795 0.0674927 0.0675054 0.0675174 0.0675287 0.0675394 0.0675494 0.0675587 0.0675674 0.0675754 0.0675828 0.0675896 0.0675958 0.0676014 0.0676064 0.0676109 0.0676149 0.0676184 0.0676214 0.067624 0.0676262 0.067628 0.0676294 0.0676306 0.0676313 0.0676319 0.0676321 0.0676321 0.0676319 0.0676315 0.0676309 0.0676301 0.0676292 0.0676281 0.067627 0.0676257 0.0676244 0.067623 0.0676216 0.0676201 0.0676185 0.067617 0.0676154 0.0676138 0.0676122 0.0676107 0.0676091 0.0676076 0.0676061 0.0676046 0.0676032 0.0676018 0.0676005 0.0675992 0.067598 0.0675969 0.0675958 0.0675947 0.0675938 0.0675929 0.0675921 0.0675913 0.0675906 0.06759 0.0675895 0.0675891 0.0675887 0.0675884 0.0675882 0.0675881 0.0675881 0.0675881 0.0675882 0.0675884 0.0675887 0.0675891 0.0675895 0.06759 0.0675906 0.0675913 0.0675921 0.0675929 0.0675938 0.0675947 0.0675958 0.0675969 0.067598 0.0675992 0.0676005 0.0676018 0.0676032 0.0676046 0.0676061 0.0676076 0.0676091 0.0676107 0.0676122 0.0676138 0.0676154 0.067617 0.0676185 0.0676201 0.0676216 0.067623 0.0676244 0.0676257 0.067627 0.0676281 0.0676292 0.0676301 0.0676309 0.0676315 0.0676319 0.0676321 0.0676321 0.0676319 0.0676313 0.0676306 0.0676294 0.067628 0.0676262 0.067624 0.0676214 0.0676184 0.0676149 0.0676109 0.0676064 0.0676014 0.0675958 0.0675896 0.0675828 0.0675754 0.0675674 0.0675587 0.0675494 0.0675394 0.0675287 0.0675174 0.0675054 0.0674927 0.0674795 0.0674656 0.0674511 0.0674361 0.0674206 0.0674046 0.0673882 0.0673715 0.0673544 0.0673372 0.0673198 0.0673023 0.0672849 0.0672675 0.0672503 0.0672334 0.0672168 
0.0671904 0.0671735 0.0671573 0.0671421 0.0671284 0.0671167 0.0671073 0.0671005 0.067096 0.0670934 0.0670921 0.0670917 0.0670916 0.0670916 0.0670916 0.0670917 0.0670921 0.0670934 0.067096 0.0671005 0.0671073 0.0671167 0.0671284 0.0671421 0.0671573 0.0671735 0.0671904 0.0672078 0.0672256 0.0672437 0.0672621 0.0672806 0.0672992 0.0673178 0.0673363 0.0673546 0.0673726 0.0673903 0.0674076 0.0674244 0.0674407 0.0674565 0.0674716 0.0674861 0.0674999 0.067513 0.0675254 0.0675371 0.067548 0.0675582 0.0675678 0.0675766 0.0675847 0.0675921 0.0675988 0.0676049 0.0676104 0.0676153 0.0676197 0.0676235 0.0676268 0.0676296 0.0676319 0.0676339 0.0676354 0.0676366 0.0676374 0.0676379 0.0676381 0.067638 0.0676377 0.0676372 0.0676365 0.0676356 0.0676346 0.0676334 0.067632 0.0676306 0.0676291 0.0676275 0.0676259 0.0676242 0.0676225 0.0676207 0.0676189 0.0676172 0.0676154 0.0676136 0.0676119 0.0676102 0.0676085 0.0676068 0.0676052 0.0676037 0.0676022 0.0676007 0.0675993 0.067598 0.0675968 0.0675956 0.0675945 0.0675934 0.0675925 0.0675916 0.0675908 0.06759 0.0675894 0.0675888 0.0675884 0.067588 0.0675877 0.0675875 0.0675873 0.0675873 0.0675873 0.0675875 0.0675877 0.067588 0.0675884 0.0675888 0.0675894 0.06759 0.0675908 0.0675916 0.0675925 0.0675934 0.0675945 0.0675956 0.0675968 0.067598 0.0675993 0.0676007 0.0676022 0.0676037 0.0676052 0.0676068 0.0676085 0.0676102 0.0676119 0.0676136 0.0676154 0.0676172 0.0676189 0.0676207 0.0676225 0.0676242 0.0676259 0.0676275 0.0676291 0.0676306 0.067632 0.0676334 0.0676346 0.0676356 0.0676365 0.0676372 0.0676377 0.067638 0.0676381 0.0676379 0.0676374 0.0676366 0.0676354 0.0676339 0.0676319 0.0676296 0.0676268 0.0676235 0.0676197 0.0676153 0.0676104 0.0676049 0.0675988 0.0675921 0.0675847 0.0675766 0.0675678 0.0675582 0.067548 0.0675371 0.0675254 0.067513 0.0674999 0.0674861 0.0674716 0.0674565 0.0674407 0.0674244 0.0674076 0.0673903 0.0673726 0.0673546 0.0673363 0.0673178 0.0672992 0.0672806 0.0672621 0.0672437 0.0672256 0.0672078 
0.0671803 0.067162 0.0671443 0.0671275 0.0671123 0.0670996 0.06709 0.0670838 0.0670807 0.0670799 0.0670805 0.0670815 0.0670824 0.0670828 0.0670824 0.0670815 0.0670805 0.0670799 0.0670807 0.0670838 0.06709 0.0670996 0.0671123 0.0671275 0.0671443 0.067162 0.0671803 0.0671989 0.0672178 0.0672371 0.0672567 0.0672764 0.0672962 0.067316 0.0673356 0.067355 0.0673741 0.0673928 0.0674111 0.0674288 0.0674459 0.0674625 0.0674783 0.0674934 0.0675077 0.0675213 0.0675341 0.0675462 0.0675574 0.0675679 0.0675775 0.0675864 0.0675946 0.067602 0.0676087 0.0676148 0.0676201 0.0676249 0.067629 0.0676326 0.0676357 0.0676382 0.0676403 0.067642 0.0676432 0.067644 0.0676445 0.0676447 0.0676446 0.0676442 0.0676436 0.0676428 0.0676417 0.0676405 0.0676392 0.0676377 0.0676361 0.0676344 0.0676326 0.0676307 0.0676288 0.0676269 0.0676249 0.0676229 0.0676209 0.0676189 0.067617 0.067615 0.0676131 0.0676112 0.0676093 0.0676075 0.0676058 0.0676041 0.0676024 0.0676009 0.0675994 0.0675979 0.0675966 0.0675953 0.0675941 0.067593 0.067592 0.067591 0.0675901 0.0675894 0.0675887 0.0675881 0.0675876 0.0675872 0.0675869 0.0675866 0.0675865 0.0675864 0.0675865 0.0675866 0.0675869 0.0675872 0.0675876 0.0675881 0.0675887 0.0675894 0.0675901 0.067591 0.067592 0.067593 0.0675941 0.0675953 0.0675966 0.0675979 0.0675994 0.0676009 0.0676024 0.0676041 0.0676058 0.0676075 0.0676093 0.0676112 0.0676131 0.067615 0.067617 0.0676189 0.0676209 0.0676229 0.0676249 0.0676269 0.0676288 0.0676307 0.0676326 0.0676344 0.0676361 0.0676377 0.0676392 0.0676405 0.0676417 0.0676428 0.0676436 0.0676442 0.0676446 0.0676447 0.0676445 0.067644 0.0676432 0.067642 0.0676403 0.0676382 0.0676357 0.0676326 0.067629 0.0676249 0.0676201 0.0676148 0.0676087 0.067602 0.0675946 0.0675864 0.0675775 0.0675679 0.0675574 0.0675462 0.0675341 0.0675213 0.0675077 0.0674934 0.0674783 0.0674625 0.0674459 0.0674288 0.0674111 0.0673928 0.0673741 0.067355 0.0673356 0.067316 0.0672962 0.0672764 0.0672567 0.0672371 0.0672178 0.0671989 
0.0671735 0.067155 0.0671368 0.0671194 0.0671037 0.0670915 0.0670838 0.0670811 0.0670825 0.0670866 0.0670917 0.0670963 0.0670995 0.0671006 0.0670995 0.0670963 0.0670917 0.0670866 0.0670825 0.0670811 0.0670838 0.0670915 0.0671037 0.0671194 0.0671368 0.067155 0.0671735 0.0671923 0.0672116 0.0672316 0.067252 0.0672727 0.0672936 0.0673145 0.0673353 0.0673558 0.067376 0.0673958 0.0674151 0.0674338 0.0674518 0.0674691 0.0674857 0.0675014 0.0675164 0.0675305 0.0675437 0.0675561 0.0675676 0.0675783 0.0675881 0.0675971 0.0676053 0.0676127 0.0676193 0.0676253 0.0676305 0.067635 0.067639 0.0676423 0.0676451 0.0676474 0.0676492 0.0676505 0.0676514 0.0676519 0.0676521 0.0676519 0.0676514 0.0676507 0.0676497 0.0676485 0.0676472 0.0676456 0.0676439 0.0676421 0.0676402 0.0676382 0.0676361 0.067634 0.0676318 0.0676296 0.0676274 0.0676251 0.0676229 0.0676207 0.0676185 0.0676164 0.0676142 0.0676122 0.0676101 0.0676082 0.0676063 0.0676044 0.0676027 0.067601 0.0675993 0.0675978 0.0675963 0.067595 0.0675937 0.0675925 0.0675914 0.0675904 0.0675894 0.0675886 0.0675879 0.0675872 0.0675867 0.0675863 0.0675859 0.0675857 0.0675855 0.0675855 0.0675855 0.0675857 0.0675859 0.0675863 0.0675867 0.0675872 0.0675879 0.0675886 0.0675894 0.0675904 0.0675914 0.0675925 0.0675937 0.067595 0.0675963 0.0675978 0.0675993 0.067601 0.0676027 0.0676044 0.0676063 0.0676082 0.0676101 0.0676122 0.0676142 0.0676164 0.0676185 0.0676207 0.0676229 0.0676251 0.0676274 0.0676296 0.0676318 0.067634 0.0676361 0.0676382 0.0676402 0.0676421 0.0676439 0.0676456 0.0676472 0.0676485 0.0676497 0.0676507 0.0676514 0.0676519 0.0676521 0.0676519 0.0676514 0.0676505 0.0676492 0.0676474 0.0676451 0.0676423 0.067639 0.067635 0.0676305 0.0676253 0.0676193 0.0676127 0.0676053 0.0675971 0.0675881 0.0675783 0.0675676 0.0675561 0.0675437 0.0675305 0.0675164 0.0675014 0.0674857 0.0674691 0.0674518 0.0674338 0.0674151 0.0673958 0.067376 0.0673558 0.0673353 0.0673145 0.0672936 0.0672727 0.067252 0.0672316 0.0672116 0.0671923 
0.0671857 0.0671738 0.0671628 0.067153 0.0671462 0.0671453 0.0671522 0.067167 0.0671876 0.0672105 0.0672321 0.0672494 0.0672605 0.0672643 0.0672605 0.0672494 0.0672321 0.0672105 0.0671876 0.067167 0.0671522 0.0671453 0.0671462 0.067153 0.0671628 0.0671738 0.0671857 0.0671992 0.0672148 0.0672326 0.0672518 0.0672721 0.0672931 0.0673145 0.067336 0.0673574 0.0673786 0.0673995 0.0674197 0.0674394 0.0674583 0.0674765 0.0674938 0.0675103 0.0675258 0.0675404 0.0675541 0.0675669 0.0675787 0.0675895 0.0675995 0.0676086 0.0676168 0.0676241 0.0676307 0.0676365 0.0676415 0.0676459 0.0676496 0.0676526 0.0676551 0.0676571 0.0676585 0.0676595 0.06766 0.0676601 0.0676599 0.0676594 0.0676585 0.0676574 0.0676561 0.0676545 0.0676528 0.0676509 0.0676489 0.0676467 0.0676445 0.0676421 0.0676397 0.0676373 0.0676348 0.0676324 0.0676299 0.0676274 0.0676249 0.0676225 0.0676201 0.0676177 0.0676154 0.0676131 0.0676109 0.0676088 0.0676067 0.0676047 0.0676028 0.067601 0.0675992 0.0675976 0.067596 0.0675945 0.0675932 0.0675919 0.0675907 0.0675896 0.0675886 0.0675878 0.067587 0.0675863 0.0675857 0.0675853 0.0675849 0.0675846 0.0675845 0.0675844 0.0675845 0.0675846 0.0675849 0.0675853 0.0675857 0.0675863 0.067587 0.0675878 0.0675886 0.0675896 0.0675907 0.0675919 0.0675932 0.0675945 0.067596 0.0675976 0.0675992 0.067601 0.0676028 0.0676047 0.0676067 0.0676088 0.0676109 0.0676131 0.0676154 0.0676177 0.0676201 0.0676225 0.0676249 0.0676274 0.0676299 0.0676324 0.0676348 0.0676373 0.0676397 0.0676421 0.0676445 0.0676467 0.0676489 0.0676509 0.0676528 0.0676545 0.0676561 0.0676574 0.0676585 0.0676594 0.0676599 0.0676601 0.06766 0.0676595 0.0676585 0.0676571 0.0676551 0.0676526 0.0676496 0.0676459 0.0676415 0.0676365 0.0676307 0.0676241 0.0676168 0.0676086 0.0675995 0.0675895 0.0675787 0.0675669 0.0675541 0.0675404 0.0675258 0.0675103 0.0674938 0.0674765 0.0674583 0.0674394 0.0674197 0.0673995 0.0673786 0.0673574 0.067336 0.0673145 0.0672931 0.0672721 0.0672518 0.0672326 0.0672148 0.0671992 
0.0672997 0.0673313 0.0673715 0.0674197 0.067479 0.067554 0.0676473 0.0677561 0.0678727 0.0679865 0.0680866 0.0681642 0.0682132 0.0682299 0.0682132 0.0681642 0.0680866 0.0679865 0.0678727 0.0677561 0.0676473 0.067554 0.067479 0.0674197 0.0673715 0.0673313 0.0672997 0.0672787 0.0672689 0.0672688 0.0672756 0.0672874 0.0673029 0.0673211 0.067341 0.0673619 0.0673832 0.0674045 0.0674255 0.067446 0.0674658 0.0674848 0.0675029 0.06752 0.0675362 0.0675513 0.0675655 0.0675786 0.0675906 0.0676017 0.0676118 0.0676209 0.0676291 0.0676364 0.0676429 0.0676485 0.0676533 0.0676574 0.0676608 0.0676636 0.0676657 0.0676673 0.0676683 0.0676689 0.0676691 0.0676688 0.0676682 0.0676672 0.067666 0.0676644 0.0676627 0.0676607 0.0676586 0.0676563 0.0676539 0.0676514 0.0676488 0.0676461 0.0676434 0.0676407 0.0676379 0.0676351 0.0676324 0.0676296 0.0676269 0.0676242 0.0676216 0.067619 0.0676164 0.067614 0.0676116 0.0676093 0.0676071 0.0676049 0.0676029 0.0676009 0.067599 0.0675973 0.0675956 0.067594 0.0675926 0.0675912 0.0675899 0.0675888 0.0675877 0.0675868 0.067586 0.0675853 0.0675847 0.0675842 0.0675838 0.0675835 0.0675833 0.0675833 0.0675833 0.0675835 0.0675838 0.0675842 0.0675847 0.0675853 0.067586 0.0675868 0.0675877 0.0675888 0.0675899 0.0675912 0.0675926 0.067594 0.0675956 0.0675973 0.067599 0.0676009 0.0676029 0.0676049 0.0676071 0.0676093 0.0676116 0.067614 0.0676164 0.067619 0.0676216 0.0676242 0.0676269 0.0676296 0.0676324 0.0676351 0.0676379 0.0676407 0.0676434 0.0676461 0.0676488 0.0676514 0.0676539 0.0676563 0.0676586 0.0676607 0.0676627 0.0676644 0.067666 0.0676672 0.0676682 0.0676688 0.0676691 0.0676689 0.0676683 0.0676673 0.0676657 0.0676636 0.0676608 0.0676574 0.0676533 0.0676485 0.0676429 0.0676364 0.0676291 0.0676209 0.0676118 0.0676017 0.0675906 0.0675786 0.0675655 0.0675513 0.0675362 0.06752 0.0675029 0.0674848 0.0674658 0.067446 0.0674255 0.0674045 0.0673832 0.0673619 0.067341 0.0673211 0.0673029 0.0672874 0.0672756 0.0672688 0.0672689 0.0672787 
0.0679517 0.0682253 0.0685596 0.0689519 0.0694057 0.069926 0.0705092 0.071136 0.0717717 0.0723724 0.0728934 0.0732955 0.0735491 0.0736357 0.0735491 0.0732955 0.0728934 0.0723724 0.0717717 0.071136 0.0705092 0.069926 0.0694057 0.068952 0.0685596 0.0682253 0.0679517 0.0677419 0.067592 0.0674904 0.0674243 0.0673846 0.0673652 0.0673608 0.0673666 0.067379 0.0673955 0.0674143 0.0674343 0.0674546 0.0674748 0.0674943 0.067513 0.0675308 0.0675476 0.0675633 0.0675778 0.0675913 0.0676036 0.0676149 0.0676251 0.0676342 0.0676424 0.0676496 0.0676559 0.0676613 0.0676659 0.0676697 0.0676727 0.0676751 0.0676769 0.0676781 0.0676787 0.0676788 0.0676785 0.0676778 0.0676768 0.0676754 0.0676737 0.0676717 0.0676695 0.0676671 0.0676646 0.0676619 0.0676591 0.0676562 0.0676532 0.0676502 0.0676472 0.0676441 0.067641 0.0676379 0.0676348 0.0676318 0.0676288 0.0676259 0.067623 0.0676202 0.0676175 0.0676148 0.0676122 0.0676097 0.0676073 0.067605 0.0676028 0.0676007 0.0675987 0.0675969 0.0675951 0.0675934 0.0675918 0.0675904 0.0675891 0.0675878 0.0675867 0.0675858 0.0675849 0.0675841 0.0675835 0.067583 0.0675825 0.0675823 0.0675821 0.067582 0.0675821 0.0675823 0.0675825 0.067583 0.0675835 0.0675841 0.0675849 0.0675858 0.0675867 0.0675878 0.0675891 0.0675904 0.0675918 0.0675934 0.0675951 0.0675969 0.0675987 0.0676007 0.0676028 0.067605 0.0676073 0.0676097 0.0676122 0.0676148 0.0676175 0.0676202 0.067623 0.0676259 0.0676288 0.0676318 0.0676348 0.0676379 0.067641 0.0676441 0.0676472 0.0676502 0.0676532 0.0676562 0.0676591 0.0676619 0.0676646 0.0676671 0.0676695 0.0676717 0.0676737 0.0676754 0.0676768 0.0676778 0.0676785 0.0676788 0.0676787 0.0676781 0.0676769 0.0676751 0.0676727 0.0676697 0.0676659 0.0676613 0.0676559 0.0676496 0.0676424 0.0676342 0.0676251 0.0676149 0.0676036 0.0675913 0.0675778 0.0675633 0.0675476 0.0675308 0.067513 0.0674943 0.0674748 0.0674546 0.0674343 0.0674143 0.0673955 0.067379 0.0673666 0.0673608 0.0673652 0.0673846 0.0674243 0.0674904 0.067592 0.0677419 
